{"aeon1a.gif": [{"min_neighbors": 3, "scale": 1.1, "faces": [[155, 79, 149, 149]]}, {"min_neighbors": 4, "scale": 1.1, "faces": [[155, 79, 149, 149]]}, {"min_neighbors": 5, "scale": 1.1, "faces": [[155, 79, 149, 149]]}, {"min_neighbors": 6, "scale": 1.1, "faces": [[155, 79, 149, 149]]}, {"min_neighbors": 3, "scale": 1.3, "faces": [[152, 75, 158, 158]]}, {"min_neighbors": 4, "scale": 1.3, "faces": [[152, 75, 158, 158]]}, {"min_neighbors": 5, "scale": 1.3, "faces": [[152, 75, 158, 158]]}, {"min_neighbors": 6, "scale": 1.3, "faces": [[152, 75, 158, 158]]}], "speed.gif": [{"min_neighbors": 3, "scale": 1.1, "faces": [[30, 34, 43, 43]]}, {"min_neighbors": 4, "scale": 1.1, "faces": [[30, 34, 43, 43]]}, {"min_neighbors": 5, "scale": 1.1, "faces": [[30, 34, 43, 43]]}, {"min_neighbors": 6, "scale": 1.1, "faces": [[30, 34, 43, 43]]}, {"min_neighbors": 3, "scale": 1.3, "faces": [[30, 34, 44, 44]]}, {"min_neighbors": 4, "scale": 1.3, "faces": [[30, 34, 44, 44]]}, {"min_neighbors": 5, "scale": 1.3, "faces": [[30, 34, 44, 44]]}, {"min_neighbors": 6, "scale": 1.3, "faces": [[30, 34, 44, 44]]}], "wxm.gif": [{"min_neighbors": 3, "scale": 1.1, "faces": [[29, 18, 47, 47]]}, {"min_neighbors": 4, "scale": 1.1, "faces": [[29, 18, 47, 47]]}, {"min_neighbors": 5, "scale": 1.1, "faces": [[29, 18, 47, 47]]}, {"min_neighbors": 6, "scale": 1.1, "faces": [[29, 18, 47, 47]]}, {"min_neighbors": 3, "scale": 1.3, "faces": [[29, 18, 48, 48]]}, {"min_neighbors": 4, "scale": 1.3, "faces": [[29, 18, 48, 48]]}, {"min_neighbors": 5, "scale": 1.3, "faces": [[29, 18, 48, 48]]}, {"min_neighbors": 6, "scale": 1.3, "faces": []}], "ew-friends.gif": [{"min_neighbors": 3, "scale": 1.1, "faces": [[157, 123, 34, 34], [191, 60, 34, 34], [204, 114, 32, 32], [122, 115, 31, 31], [117, 65, 34, 34], [153, 54, 29, 29]]}, {"min_neighbors": 4, "scale": 1.1, "faces": [[157, 123, 34, 34], [191, 60, 34, 34], [117, 65, 34, 34], [204, 114, 32, 32], [122, 115, 31, 31], [153, 54, 29, 29]]}, {"min_neighbors": 5, "scale": 1.1, "faces": [[191, 60, 34, 34], [117, 65, 34, 34], [204, 114, 32, 32], [122, 115, 31, 31], [157, 123, 34, 34], [153, 54, 29, 29]]}, {"min_neighbors": 6, "scale": 1.1, "faces": [[122, 115, 31, 31], [191, 60, 34, 34], [117, 65, 34, 34], [157, 123, 34, 34], [153, 54, 29, 29]]}, {"min_neighbors": 3, "scale": 1.3, "faces": [[116, 63, 38, 38], [124, 115, 30, 30], [157, 123, 34, 34], [152, 53, 30, 30], [190, 60, 37, 37], [204, 113, 36, 36]]}, {"min_neighbors": 4, "scale": 1.3, "faces": [[116, 63, 38, 38], [157, 123, 34, 34], [190, 60, 37, 37]]}, {"min_neighbors": 5, "scale": 1.3, "faces": [[116, 63, 38, 38], [157, 123, 34, 34], [190, 60, 37, 37]]}, {"min_neighbors": 6, "scale": 1.3, "faces": [[116, 63, 38, 38], [190, 60, 37, 37], [157, 123, 34, 34]]}], "bwolen.gif": [{"min_neighbors": 3, "scale": 1.1, "faces": []}, {"min_neighbors": 4, "scale": 1.1, "faces": []}, {"min_neighbors": 5, "scale": 1.1, "faces": []}, {"min_neighbors": 6, "scale": 1.1, "faces": []}, {"min_neighbors": 3, "scale": 1.3, "faces": []}, {"min_neighbors": 4, "scale": 1.3, "faces": []}, {"min_neighbors": 5, "scale": 1.3, "faces": []}, {"min_neighbors": 6, "scale": 1.3, "faces": []}], "plays.gif": [{"min_neighbors": 3, "scale": 1.1, "faces": [[396, 102, 36, 36], [320, 77, 46, 46], [13, 543, 124, 124]]}, {"min_neighbors": 4, "scale": 1.1, "faces": [[396, 102, 36, 36], [320, 77, 46, 46], [13, 543, 124, 124]]}, {"min_neighbors": 5, "scale": 1.1, "faces": [[396, 102, 36, 36], [320, 77, 46, 46], [13, 543, 124, 124]]}, {"min_neighbors": 6, "scale": 1.1, "faces": [[396, 102, 36, 36], [320, 77, 46, 46], [13, 543, 124, 124]]}, {"min_neighbors": 3, "scale": 1.3, "faces": [[320, 78, 45, 45], [11, 543, 127, 127]]}, {"min_neighbors": 4, "scale": 1.3, "faces": [[320, 78, 45, 45], [11, 543, 127, 127]]}, {"min_neighbors": 5, "scale": 1.3, "faces": [[320, 78, 45, 45], [11, 543, 127, 127]]}, {"min_neighbors": 6, "scale": 1.3, "faces": [[320, 78, 45, 45], [11, 543, 127, 127]]}], "Argentina.gif": [{"min_neighbors": 3, "scale": 1.1, "faces": [[430, 50, 39, 39], [328, 27, 43, 43], [124, 40, 43, 43], [533, 192, 41, 41], [518, 37, 43, 43], [225, 39, 43, 43], [42, 197, 42, 42], [398, 194, 42, 42], [144, 192, 48, 48], [277, 204, 45, 45], [29, 46, 44, 44]]}, {"min_neighbors": 4, "scale": 1.1, "faces": [[430, 50, 39, 39], [328, 27, 43, 43], [124, 40, 43, 43], [533, 192, 41, 41], [42, 197, 42, 42], [518, 37, 43, 43], [225, 39, 43, 43], [398, 194, 42, 42], [144, 192, 48, 48], [277, 204, 45, 45], [29, 46, 44, 44]]}, {"min_neighbors": 5, "scale": 1.1, "faces": [[430, 50, 39, 39], [328, 27, 43, 43], [124, 40, 43, 43], [518, 37, 43, 43], [225, 39, 43, 43], [533, 192, 41, 41], [42, 197, 42, 42], [398, 194, 42, 42], [144, 192, 48, 48], [277, 204, 45, 45], [29, 46, 44, 44]]}, {"min_neighbors": 6, "scale": 1.1, "faces": [[430, 50, 39, 39], [328, 27, 43, 43], [124, 40, 43, 43], [533, 192, 41, 41], [42, 197, 42, 42], [518, 37, 43, 43], [225, 39, 43, 43], [398, 194, 42, 42], [144, 192, 48, 48], [277, 204, 45, 45], [29, 46, 44, 44]]}, {"min_neighbors": 3, "scale": 1.3, "faces": [[535, 193, 39, 39], [329, 28, 42, 42], [430, 49, 40, 40], [126, 41, 40, 40], [227, 41, 39, 39], [277, 204, 46, 46], [520, 37, 42, 42], [398, 193, 43, 43], [144, 193, 47, 47], [30, 45, 44, 44], [41, 196, 44, 44]]}, {"min_neighbors": 4, "scale": 1.3, "faces": [[430, 49, 40, 40], [329, 28, 42, 42], [535, 193, 39, 39], [126, 41, 40, 40], [227, 41, 39, 39], [277, 204, 46, 46], [520, 37, 42, 42], [398, 193, 43, 43], [144, 193, 47, 47], [30, 45, 44, 44], [41, 196, 44, 44]]}, {"min_neighbors": 5, "scale": 1.3, "faces": [[430, 49, 40, 40], [329, 28, 42, 42], [126, 41, 40, 40], [227, 41, 39, 39], [535, 193, 39, 39], [520, 37, 42, 42], [277, 204, 46, 46], [398, 193, 43, 43], [144, 193, 47, 47], [30, 45, 44, 44], [41, 196, 44, 44]]}, {"min_neighbors": 6, "scale": 1.3, "faces": [[430, 49, 40, 40], [329, 28, 42, 42], [126, 41, 40, 40], [227, 41, 39, 39], [535, 193, 39, 39], [277, 204, 46, 46], [520, 37, 42, 42], [398, 193, 43, 43], [144, 193, 47, 47], [30, 45, 44, 44], [41, 196, 44, 44]]}], "ds9.gif": [{"min_neighbors": 3, "scale": 1.1, "faces": [[87, 17, 59, 59], [553, 118, 52, 52], [282, 57, 52, 52], [461, 100, 52, 52], [28, 106, 63, 63], [197, 30, 55, 55], [146, 88, 55, 55]]}, {"min_neighbors": 4, "scale": 1.1, "faces": [[87, 17, 59, 59], [553, 118, 52, 52], [282, 57, 52, 52], [461, 100, 52, 52], [28, 106, 63, 63], [197, 30, 55, 55], [146, 88, 55, 55]]}, {"min_neighbors": 5, "scale": 1.1, "faces": [[87, 17, 59, 59], [282, 57, 52, 52], [553, 118, 52, 52], [461, 100, 52, 52], [28, 106, 63, 63], [197, 30, 55, 55], [146, 88, 55, 55]]}, {"min_neighbors": 6, "scale": 1.1, "faces": [[87, 17, 59, 59], [282, 57, 52, 52], [553, 118, 52, 52], [197, 30, 55, 55], [28, 106, 63, 63], [461, 100, 52, 52], [146, 88, 55, 55]]}, {"min_neighbors": 3, "scale": 1.3, "faces": [[87, 18, 58, 58], [462, 99, 53, 53], [197, 30, 55, 55], [286, 60, 47, 47], [554, 117, 51, 51], [145, 85, 57, 57], [30, 106, 61, 61]]}, {"min_neighbors": 4, "scale": 1.3, "faces": [[87, 18, 58, 58], [462, 99, 53, 53], [286, 60, 47, 47], [554, 117, 51, 51], [197, 30, 55, 55], [145, 85, 57, 57], [30, 106, 61, 61]]}, {"min_neighbors": 5, "scale": 1.3, "faces": [[87, 18, 58, 58], [462, 99, 53, 53], [554, 117, 51, 51], [197, 30, 55, 55], [30, 106, 61, 61]]}, {"min_neighbors": 6, "scale": 1.3, "faces": [[87, 18, 58, 58], [462, 99, 53, 53], [197, 30, 55, 55], [554, 117, 51, 51], [30, 106, 61, 61]]}], "Arsenal.gif": [{"min_neighbors": 3, "scale": 1.1, "faces": [[124, 31, 40, 40], [427, 6, 49, 49], [63, 42, 43, 43], [267, 55, 43, 43], [446, 153, 47, 47], [160, 169, 48, 48], [237, 162, 46, 46], [301, 23, 51, 51], [358, 23, 45, 45], [45, 87, 44, 44], [179, 47, 45, 45], [299, 273, 68, 68]]}, {"min_neighbors": 4, "scale": 1.1, "faces": [[124, 31, 40, 40], [427, 6, 49, 49], [63, 42, 43, 43], [446, 153, 47, 47], [160, 169, 48, 48], [267, 55, 43, 43], [237, 162, 46, 46], [301, 23, 51, 51], [45, 87, 44, 44], [179, 47, 45, 45], [299, 273, 68, 68]]}, {"min_neighbors": 5, "scale": 1.1, "faces": [[124, 31, 40, 40], [427, 6, 49, 49], [63, 42, 43, 43], [446, 153, 47, 47], [160, 169, 48, 48], [267, 55, 43, 43], [301, 23, 51, 51], [179, 47, 45, 45], [45, 87, 44, 44], [237, 162, 46, 46], [299, 273, 68, 68]]}, {"min_neighbors": 6, "scale": 1.1, "faces": [[124, 31, 40, 40], [427, 6, 49, 49], [63, 42, 43, 43], [160, 169, 48, 48], [446, 153, 47, 47], [267, 55, 43, 43], [237, 162, 46, 46], [301, 23, 51, 51], [45, 87, 44, 44], [179, 47, 45, 45]]}, {"min_neighbors": 3, "scale": 1.3, "faces": [[63, 42, 42, 42], [304, 25, 47, 47], [122, 31, 43, 43], [160, 168, 50, 50], [429, 6, 48, 48], [448, 153, 46, 46], [237, 162, 45, 45], [45, 86, 44, 44], [179, 47, 44, 44]]}, {"min_neighbors": 4, "scale": 1.3, "faces": [[304, 25, 47, 47], [122, 31, 43, 43], [63, 42, 42, 42], [160, 168, 50, 50], [429, 6, 48, 48], [448, 153, 46, 46], [237, 162, 45, 45], [45, 86, 44, 44], [179, 47, 44, 44]]}, {"min_neighbors": 5, "scale": 1.3, "faces": [[304, 25, 47, 47], [122, 31, 43, 43], [63, 42, 42, 42], [429, 6, 48, 48], [448, 153, 46, 46], [45, 86, 44, 44], [237, 162, 45, 45], [179, 47, 44, 44], [160, 168, 50, 50]]}, {"min_neighbors": 6, "scale": 1.3, "faces": [[304, 25, 47, 47], [122, 31, 43, 43], [63, 42, 42, 42], [160, 168, 50, 50], [429, 6, 48, 48], [45, 86, 44, 44], [179, 47, 44, 44], [448, 153, 46, 46], [237, 162, 45, 45]]}], "married.gif": [{"min_neighbors": 3, "scale": 1.1, "faces": [[286, 48, 52, 52], [160, 32, 59, 59], [28, 82, 62, 62]]}, {"min_neighbors": 4, "scale": 1.1, "faces": [[286, 48, 52, 52], [160, 32, 59, 59], [28, 82, 62, 62]]}, {"min_neighbors": 5, "scale": 1.1, "faces": [[286, 48, 52, 52], [160, 32, 59, 59], [28, 82, 62, 62]]}, {"min_neighbors": 6, "scale": 1.1, "faces": [[286, 48, 52, 52], [160, 32, 59, 59], [28, 82, 62, 62]]}, {"min_neighbors": 3, "scale": 1.3, "faces": [[286, 48, 52, 52], [29, 83, 60, 60], [160, 32, 59, 59]]}, {"min_neighbors": 4, "scale": 1.3, "faces": [[286, 48, 52, 52], [29, 83, 60, 60], [160, 32, 59, 59]]}, {"min_neighbors": 5, "scale": 1.3, "faces": [[286, 48, 52, 52], [160, 32, 59, 59]]}, {"min_neighbors": 6, "scale": 1.3, "faces": [[286, 48, 52, 52], [160, 32, 59, 59]]}], "life7422.gif": [{"min_neighbors": 3, "scale": 1.1, "faces": []}, {"min_neighbors": 4, "scale": 1.1, "faces": []}, {"min_neighbors": 5, "scale": 1.1, "faces": []}, {"min_neighbors": 6, "scale": 1.1, "faces": []}, {"min_neighbors": 3, "scale": 1.3, "faces": []}, {"min_neighbors": 4, "scale": 1.3, "faces": []}, {"min_neighbors": 5, "scale": 1.3, "faces": []}, {"min_neighbors": 6, "scale": 1.3, "faces": []}], "clapton.gif": [{"min_neighbors": 3, "scale": 1.1, "faces": []}, {"min_neighbors": 4, "scale": 1.1, "faces": []}, {"min_neighbors": 5, "scale": 1.1, "faces": []}, {"min_neighbors": 6, "scale": 1.1, "faces": []}, {"min_neighbors": 3, "scale": 1.3, "faces": []}, {"min_neighbors": 4, "scale": 1.3, "faces": []}, {"min_neighbors": 5, "scale": 1.3, "faces": []}, {"min_neighbors": 6, "scale": 1.3, "faces": []}], "uprooted-tree.gif": [{"min_neighbors": 3, "scale": 1.1, "faces": [[40, 277, 22, 22]]}, {"min_neighbors": 4, "scale": 1.1, "faces": []}, {"min_neighbors": 5, "scale": 1.1, "faces": []}, {"min_neighbors": 6, "scale": 1.1, "faces": []}, {"min_neighbors": 3, "scale": 1.3, "faces": []}, {"min_neighbors": 4, "scale": 1.3, "faces": []}, {"min_neighbors": 5, "scale": 1.3, "faces": []}, {"min_neighbors": 6, "scale": 1.3, "faces": []}], "original1.gif": [{"min_neighbors": 3, "scale": 1.1, "faces": [[24, 35, 33, 33], [373, 25, 27, 27], [314, 50, 24, 24], [155, 68, 28, 28], [194, 106, 28, 28], [114, 44, 26, 26], [315, 75, 36, 36], [82, 96, 34, 34]]}, {"min_neighbors": 4, "scale": 1.1, "faces": [[24, 35, 33, 33], [373, 25, 27, 27], [314, 50, 24, 24], [155, 68, 28, 28], [194, 106, 28, 28], [114, 44, 26, 26], [315, 75, 36, 36], [82, 96, 34, 34]]}, {"min_neighbors": 5, "scale": 1.1, "faces": [[24, 35, 33, 33], [373, 25, 27, 27], [314, 50, 24, 24], [155, 68, 28, 28], [194, 106, 28, 28], [114, 44, 26, 26], [315, 75, 36, 36], [82, 96, 34, 34]]}, {"min_neighbors": 6, "scale": 1.1, "faces": [[24, 35, 33, 33], [373, 25, 27, 27], [314, 50, 24, 24], [155, 68, 28, 28], [194, 106, 28, 28], [315, 75, 36, 36], [82, 96, 34, 34]]}, {"min_neighbors": 3, "scale": 1.3, "faces": [[24, 36, 32, 32], [314, 50, 23, 23], [314, 74, 38, 38]]}, {"min_neighbors": 4, "scale": 1.3, "faces": [[24, 36, 32, 32], [314, 74, 38, 38]]}, {"min_neighbors": 5, "scale": 1.3, "faces": [[24, 36, 32, 32], [314, 74, 38, 38]]}, {"min_neighbors": 6, "scale": 1.3, "faces": [[24, 36, 32, 32], [314, 74, 38, 38]]}], "voyager2.gif": [{"min_neighbors": 3, "scale": 1.1, "faces": [[336, 35, 64, 64], [417, 175, 69, 69], [256, 206, 59, 59], [514, 83, 72, 72], [504, 282, 77, 77], [324, 295, 76, 76], [138, 259, 77, 77], [39, 126, 77, 77], [151, 137, 78, 78]]}, {"min_neighbors": 4, "scale": 1.1, "faces": [[336, 35, 64, 64], [417, 175, 69, 69], [256, 206, 59, 59], [514, 83, 72, 72], [138, 259, 77, 77], [504, 282, 77, 77], [324, 295, 76, 76], [39, 126, 77, 77], [151, 137, 78, 78]]}, {"min_neighbors": 5, "scale": 1.1, "faces": [[336, 35, 64, 64], [417, 175, 69, 69], [256, 206, 59, 59], [514, 83, 72, 72], [138, 259, 77, 77], [504, 282, 77, 77], [324, 295, 76, 76], [39, 126, 77, 77], [151, 137, 78, 78]]}, {"min_neighbors": 6, "scale": 1.1, "faces": [[336, 35, 64, 64], [417, 175, 69, 69], [256, 206, 59, 59], [514, 83, 72, 72], [138, 259, 77, 77], [504, 282, 77, 77], [324, 295, 76, 76], [39, 126, 77, 77], [151, 137, 78, 78]]}, {"min_neighbors": 3, "scale": 1.3, "faces": [[336, 35, 64, 64], [254, 206, 62, 62], [515, 83, 71, 71], [41, 127, 75, 75], [418, 176, 67, 67], [136, 259, 80, 80], [504, 282, 76, 76], [150, 137, 80, 80], [324, 295, 78, 78]]}, {"min_neighbors": 4, "scale": 1.3, "faces": [[254, 206, 62, 62], [336, 35, 64, 64], [41, 127, 75, 75], [515, 83, 71, 71], [418, 176, 67, 67], [136, 259, 80, 80], [150, 137, 80, 80], [504, 282, 76, 76], [324, 295, 78, 78]]}, {"min_neighbors": 5, "scale": 1.3, "faces": [[254, 206, 62, 62], [336, 35, 64, 64], [515, 83, 71, 71], [418, 176, 67, 67], [41, 127, 75, 75], [136, 259, 80, 80], [150, 137, 80, 80], [504, 282, 76, 76], [324, 295, 78, 78]]}, {"min_neighbors": 6, "scale": 1.3, "faces": [[254, 206, 62, 62], [336, 35, 64, 64], [41, 127, 75, 75], [418, 176, 67, 67], [515, 83, 71, 71], [504, 282, 76, 76], [136, 259, 80, 80], [324, 295, 78, 78], [150, 137, 80, 80]]}], "original2.gif": [{"min_neighbors": 3, "scale": 1.1, "faces": [[336, 222, 87, 87], [36, 331, 89, 89], [543, 178, 95, 95], [179, 315, 92, 92], [263, 148, 82, 82], [112, 156, 90, 90]]}, {"min_neighbors": 4, "scale": 1.1, "faces": [[336, 222, 87, 87], [543, 178, 95, 95], [36, 331, 89, 89], [179, 315, 92, 92], [112, 156, 90, 90], [263, 148, 82, 82]]}, {"min_neighbors": 5, "scale": 1.1, "faces": [[543, 178, 95, 95], [36, 331, 89, 89], [179, 315, 92, 92], [112, 156, 90, 90], [263, 148, 82, 82]]}, {"min_neighbors": 6, "scale": 1.1, "faces": [[36, 331, 89, 89], [543, 178, 95, 95], [179, 315, 92, 92], [263, 148, 82, 82], [112, 156, 90, 90]]}, {"min_neighbors": 3, "scale": 1.3, "faces": [[40, 334, 86, 86], [113, 156, 87, 87], [547, 183, 84, 84]]}, {"min_neighbors": 4, "scale": 1.3, "faces": [[113, 156, 87, 87], [547, 183, 84, 84], [40, 334, 86, 86]]}, {"min_neighbors": 5, "scale": 1.3, "faces": [[40, 334, 86, 86], [113, 156, 87, 87], [547, 183, 84, 84]]}, {"min_neighbors": 6, "scale": 1.3, "faces": [[113, 156, 87, 87], [547, 183, 84, 84]]}], "john.coltrane.gif": [{"min_neighbors": 3, "scale": 1.1, "faces": [[50, 97, 176, 176]]}, {"min_neighbors": 4, "scale": 1.1, "faces": [[50, 97, 176, 176]]}, {"min_neighbors": 5, "scale": 1.1, "faces": [[50, 97, 176, 176]]}, {"min_neighbors": 6, "scale": 1.1, "faces": [[50, 97, 176, 176]]}, {"min_neighbors": 3, "scale": 1.3, "faces": [[55, 100, 166, 166]]}, {"min_neighbors": 4, "scale": 1.3, "faces": [[55, 100, 166, 166]]}, {"min_neighbors": 5, "scale": 1.3, "faces": [[55, 100, 166, 166]]}, {"min_neighbors": 6, "scale": 1.3, "faces": [[55, 100, 166, 166]]}], "tp-reza-girosi.gif": [{"min_neighbors": 3, "scale": 1.1, "faces": [[141, 16, 49, 49], [16, 35, 45, 45], [75, 44, 51, 51]]}, {"min_neighbors": 4, "scale": 1.1, "faces": [[141, 16, 49, 49], [16, 35, 45, 45], [75, 44, 51, 51]]}, {"min_neighbors": 5, "scale": 1.1, "faces": [[141, 16, 49, 49], [16, 35, 45, 45], [75, 44, 51, 51]]}, {"min_neighbors": 6, "scale": 1.1, "faces": [[141, 16, 49, 49], [16, 35, 45, 45], [75, 44, 51, 51]]}, {"min_neighbors": 3, "scale": 1.3, "faces": [[142, 18, 46, 46], [15, 35, 46, 46], [75, 44, 51, 51]]}, {"min_neighbors": 4, "scale": 1.3, "faces": [[142, 18, 46, 46], [15, 35, 46, 46], [75, 44, 51, 51]]}, {"min_neighbors": 5, "scale": 1.3, "faces": [[142, 18, 46, 46], [15, 35, 46, 46], [75, 44, 51, 51]]}, {"min_neighbors": 6, "scale": 1.3, "faces": [[142, 18, 46, 46], [15, 35, 46, 46], [75, 44, 51, 51]]}], "Ecuador.gif": [{"min_neighbors": 3, "scale": 1.1, "faces": [[370, 68, 34, 34], [572, 225, 37, 37], [72, 71, 35, 35], [533, 79, 35, 35], [101, 197, 43, 43], [271, 64, 41, 41], [169, 71, 38, 38], [450, 199, 42, 42], [200, 211, 44, 44], [452, 73, 38, 38]]}, {"min_neighbors": 4, "scale": 1.1, "faces": [[370, 68, 34, 34], [572, 225, 37, 37], [101, 197, 43, 43], [72, 71, 35, 35], [533, 79, 35, 35], [271, 64, 41, 41], [169, 71, 38, 38], [450, 199, 42, 42], [200, 211, 44, 44]]}, {"min_neighbors": 5, "scale": 1.1, "faces": [[370, 68, 34, 34], [572, 225, 37, 37], [72, 71, 35, 35], [533, 79, 35, 35], [101, 197, 43, 43], [271, 64, 41, 41], [169, 71, 38, 38], [450, 199, 42, 42], [200, 211, 44, 44]]}, {"min_neighbors": 6, "scale": 1.1, "faces": [[370, 68, 34, 34], [572, 225, 37, 37], [72, 71, 35, 35], [533, 79, 35, 35], [101, 197, 43, 43], [271, 64, 41, 41], [169, 71, 38, 38], [450, 199, 42, 42], [200, 211, 44, 44]]}, {"min_neighbors": 3, "scale": 1.3, "faces": [[534, 79, 34, 34], [270, 64, 42, 42], [169, 70, 39, 39], [449, 199, 43, 43], [364, 64, 44, 44], [100, 198, 44, 44]]}, {"min_neighbors": 4, "scale": 1.3, "faces": [[449, 199, 43, 43], [270, 64, 42, 42], [100, 198, 44, 44]]}, {"min_neighbors": 5, "scale": 1.3, "faces": [[449, 199, 43, 43], [100, 198, 44, 44]]}, {"min_neighbors": 6, "scale": 1.3, "faces": [[449, 199, 43, 43], [100, 198, 44, 44]]}], "tori-crucify.gif": [{"min_neighbors": 3, "scale": 1.1, "faces": [[124, 125, 112, 112]]}, {"min_neighbors": 4, "scale": 1.1, "faces": [[124, 125, 112, 112]]}, {"min_neighbors": 5, "scale": 1.1, "faces": [[124, 125, 112, 112]]}, {"min_neighbors": 6, "scale": 1.1, "faces": [[124, 125, 112, 112]]}, {"min_neighbors": 3, "scale": 1.3, "faces": [[122, 125, 115, 115]]}, {"min_neighbors": 4, "scale": 1.3, "faces": [[122, 125, 115, 115]]}, {"min_neighbors": 5, "scale": 1.3, "faces": [[122, 125, 115, 115]]}, {"min_neighbors": 6, "scale": 1.3, "faces": [[122, 125, 115, 115]]}], "audrybt1.gif": [{"min_neighbors": 3, "scale": 1.1, "faces": [[125, 33, 51, 51]]}, {"min_neighbors": 4, "scale": 1.1, "faces": [[125, 33, 51, 51]]}, {"min_neighbors": 5, "scale": 1.1, "faces": [[125, 33, 51, 51]]}, {"min_neighbors": 6, "scale": 1.1, "faces": [[125, 33, 51, 51]]}, {"min_neighbors": 3, "scale": 1.3, "faces": [[126, 34, 49, 49]]}, {"min_neighbors": 4, "scale": 1.3, "faces": [[126, 34, 49, 49]]}, {"min_neighbors": 5, "scale": 1.3, "faces": [[126, 34, 49, 49]]}, {"min_neighbors": 6, "scale": 1.3, "faces": [[126, 34, 49, 49]]}], "pittsburgh-park.gif": [{"min_neighbors": 3, "scale": 1.1, "faces": [[269, 228, 49, 49]]}, {"min_neighbors": 4, "scale": 1.1, "faces": [[269, 228, 49, 49]]}, {"min_neighbors": 5, "scale": 1.1, "faces": [[269, 228, 49, 49]]}, {"min_neighbors": 6, "scale": 1.1, "faces": [[269, 228, 49, 49]]}, {"min_neighbors": 3, "scale": 1.3, "faces": [[271, 228, 47, 47]]}, {"min_neighbors": 4, "scale": 1.3, "faces": []}, {"min_neighbors": 5, "scale": 1.3, "faces": []}, {"min_neighbors": 6, "scale": 1.3, "faces": []}], "torrance.gif": [{"min_neighbors": 3, "scale": 1.1, "faces": [[188, 74, 45, 45], [125, 60, 53, 53]]}, {"min_neighbors": 4, "scale": 1.1, "faces": [[188, 74, 45, 45], [125, 60, 53, 53]]}, {"min_neighbors": 5, "scale": 1.1, "faces": [[188, 74, 45, 45], [125, 60, 53, 53]]}, {"min_neighbors": 6, "scale": 1.1, "faces": [[188, 74, 45, 45], [125, 60, 53, 53]]}, {"min_neighbors": 3, "scale": 1.3, "faces": [[189, 75, 44, 44], [126, 61, 52, 52]]}, {"min_neighbors": 4, "scale": 1.3, "faces": [[189, 75, 44, 44], [126, 61, 52, 52]]}, {"min_neighbors": 5, "scale": 1.3, "faces": [[189, 75, 44, 44], [126, 61, 52, 52]]}, {"min_neighbors": 6, "scale": 1.3, "faces": [[189, 75, 44, 44], [126, 61, 52, 52]]}], "life-cover.gif": [{"min_neighbors": 3, "scale": 1.1, "faces": []}, {"min_neighbors": 4, "scale": 1.1, "faces": []}, {"min_neighbors": 5, "scale": 1.1, "faces": []}, {"min_neighbors": 6, "scale": 1.1, "faces": []}, {"min_neighbors": 3, "scale": 1.3, "faces": []}, {"min_neighbors": 4, "scale": 1.3, "faces": []}, {"min_neighbors": 5, "scale": 1.3, "faces": []}, {"min_neighbors": 6, "scale": 1.3, "faces": []}], "newsradio.gif": [{"min_neighbors": 3, "scale": 1.1, "faces": [[223, 73, 62, 62], [129, 158, 62, 62], [208, 171, 65, 65], [301, 114, 67, 67], [87, 253, 68, 68], [304, 252, 60, 60], [374, 197, 64, 64]]}, {"min_neighbors": 4, "scale": 1.1, "faces": [[223, 73, 62, 62], [129, 158, 62, 62], [208, 171, 65, 65], [301, 114, 67, 67], [87, 253, 68, 68], [304, 252, 60, 60], [374, 197, 64, 64]]}, {"min_neighbors": 5, "scale": 1.1, "faces": [[129, 158, 62, 62], [223, 73, 62, 62], [208, 171, 65, 65], [87, 253, 68, 68], [301, 114, 67, 67], [304, 252, 60, 60], [374, 197, 64, 64]]}, {"min_neighbors": 6, "scale": 1.1, "faces": [[223, 73, 62, 62], [129, 158, 62, 62], [208, 171, 65, 65], [87, 253, 68, 68], [301, 114, 67, 67], [304, 252, 60, 60], [374, 197, 64, 64]]}, {"min_neighbors": 3, "scale": 1.3, "faces": [[224, 74, 59, 59], [209, 171, 64, 64], [130, 159, 60, 60], [301, 113, 69, 69], [303, 251, 62, 62], [85, 251, 72, 72], [376, 198, 62, 62]]}, {"min_neighbors": 4, "scale": 1.3, "faces": [[224, 74, 59, 59], [209, 171, 64, 64], [130, 159, 60, 60], [301, 113, 69, 69], [303, 251, 62, 62], [85, 251, 72, 72], [376, 198, 62, 62]]}, {"min_neighbors": 5, "scale": 1.3, "faces": [[224, 74, 59, 59], [130, 159, 60, 60], [209, 171, 64, 64], [301, 113, 69, 69], [303, 251, 62, 62], [376, 198, 62, 62], [85, 251, 72, 72]]}, {"min_neighbors": 6, "scale": 1.3, "faces": [[224, 74, 59, 59], [130, 159, 60, 60], [209, 171, 64, 64], [301, 113, 69, 69], [303, 251, 62, 62], [376, 198, 62, 62], [85, 251, 72, 72]]}], "tahoe-and-rich.gif": [{"min_neighbors": 3, "scale": 1.1, "faces": []}, {"min_neighbors": 4, "scale": 1.1, "faces": []}, {"min_neighbors": 5, "scale": 1.1, "faces": []}, {"min_neighbors": 6, "scale": 1.1, "faces": []}, {"min_neighbors": 3, "scale": 1.3, "faces": []}, {"min_neighbors": 4, "scale": 1.3, "faces": []}, {"min_neighbors": 5, "scale": 1.3, "faces": []}, {"min_neighbors": 6, "scale": 1.3, "faces": []}], "people.gif": [{"min_neighbors": 3, "scale": 1.1, "faces": [[466, 102, 44, 44], [491, 239, 51, 51], [531, 85, 43, 43], [257, 88, 47, 47], [322, 234, 48, 48], [402, 101, 41, 41], [198, 91, 46, 46], [598, 222, 46, 46], [324, 111, 44, 44], [613, 109, 53, 53], [189, 199, 58, 58]]}, {"min_neighbors": 4, "scale": 1.1, "faces": [[466, 102, 44, 44], [491, 239, 51, 51], [531, 85, 43, 43], [257, 88, 47, 47], [322, 234, 48, 48], [402, 101, 41, 41], [198, 91, 46, 46], [598, 222, 46, 46], [324, 111, 44, 44], [613, 109, 53, 53], [189, 199, 58, 58]]}, {"min_neighbors": 5, "scale": 1.1, "faces": [[466, 102, 44, 44], [491, 239, 51, 51], [531, 85, 43, 43], [257, 88, 47, 47], [322, 234, 48, 48], [402, 101, 41, 41], [198, 91, 46, 46], [598, 222, 46, 46], [324, 111, 44, 44], [613, 109, 53, 53], [189, 199, 58, 58]]}, {"min_neighbors": 6, "scale": 1.1, "faces": [[466, 102, 44, 44], [491, 239, 51, 51], [531, 85, 43, 43], [257, 88, 47, 47], [322, 234, 48, 48], [598, 222, 46, 46], [198, 91, 46, 46], [613, 109, 53, 53], [189, 199, 58, 58]]}, {"min_neighbors": 3, "scale": 1.3, "faces": [[467, 102, 44, 44], [323, 234, 46, 46], [191, 200, 55, 55], [323, 111, 44, 44], [255, 87, 50, 50], [199, 92, 46, 46], [489, 238, 55, 55], [529, 84, 47, 47]]}, {"min_neighbors": 4, "scale": 1.3, "faces": [[467, 102, 44, 44], [323, 234, 46, 46], [191, 200, 55, 55], [529, 84, 47, 47], [255, 87, 50, 50], [199, 92, 46, 46], [489, 238, 55, 55]]}, {"min_neighbors": 5, "scale": 1.3, "faces": [[467, 102, 44, 44], [323, 234, 46, 46], [191, 200, 55, 55], [489, 238, 55, 55], [255, 87, 50, 50], [199, 92, 46, 46]]}, {"min_neighbors": 6, "scale": 1.3, "faces": [[323, 234, 46, 46], [467, 102, 44, 44], [191, 200, 55, 55], [255, 87, 50, 50], [199, 92, 46, 46]]}], "England.gif": [{"min_neighbors": 3, "scale": 1.1, "faces": [[17, 51, 32, 32], [21, 218, 41, 41], [413, 32, 44, 44], [533, 62, 40, 40], [104, 65, 40, 40], [396, 235, 48, 48], [200, 57, 45, 45], [246, 230, 47, 47], [142, 233, 44, 44], [530, 235, 48, 48], [304, 44, 43, 43]]}, {"min_neighbors": 4, "scale": 1.1, "faces": [[17, 51, 32, 32], [21, 218, 41, 41], [413, 32, 44, 44], [533, 62, 40, 40], [104, 65, 40, 40], [200, 57, 45, 45], [396, 235, 48, 48], [304, 44, 43, 43], [246, 230, 47, 47], [142, 233, 44, 44], [530, 235, 48, 48]]}, {"min_neighbors": 5, "scale": 1.1, "faces": [[17, 51, 32, 32], [21, 218, 41, 41], [413, 32, 44, 44], [533, 62, 40, 40], [104, 65, 40, 40], [396, 235, 48, 48], [200, 57, 45, 45], [304, 44, 43, 43], [246, 230, 47, 47], [142, 233, 44, 44], [530, 235, 48, 48]]}, {"min_neighbors": 6, "scale": 1.1, "faces": [[21, 218, 41, 41], [413, 32, 44, 44], [533, 62, 40, 40], [104, 65, 40, 40], [200, 57, 45, 45], [396, 235, 48, 48], [246, 230, 47, 47], [142, 233, 44, 44], [530, 235, 48, 48], [304, 44, 43, 43]]}, {"min_neighbors": 3, "scale": 1.3, "faces": [[22, 218, 40, 40], [417, 34, 39, 39], [143, 234, 43, 43], [397, 235, 46, 46], [307, 46, 40, 40], [201, 59, 43, 43], [532, 62, 41, 41], [103, 65, 42, 42], [246, 229, 47, 47], [531, 236, 47, 47]]}, {"min_neighbors": 4, "scale": 1.3, "faces": [[417, 34, 39, 39], [22, 218, 40, 40], [307, 46, 40, 40], [201, 59, 43, 43], [532, 62, 41, 41], [103, 65, 42, 42], [143, 234, 43, 43], [397, 235, 46, 46], [246, 229, 47, 47], [531, 236, 47, 47]]}, {"min_neighbors": 5, "scale": 1.3, "faces": [[22, 218, 40, 40], [417, 34, 39, 39], [307, 46, 40, 40], [143, 234, 43, 43], [397, 235, 46, 46], [201, 59, 43, 43], [532, 62, 41, 41], [103, 65, 42, 42], [246, 229, 47, 47], [531, 236, 47, 47]]}, {"min_neighbors": 6, "scale": 1.3, "faces": [[417, 34, 39, 39], [22, 218, 40, 40], [143, 234, 43, 43], [397, 235, 46, 46], [307, 46, 40, 40], [201, 59, 43, 43], [103, 65, 42, 42], [246, 229, 47, 47], [531, 236, 47, 47]]}], "cards-perp-sml.gif": [{"min_neighbors": 3, "scale": 1.1, "faces": [[98, 77, 27, 27], [203, 81, 30, 30], [230, 148, 27, 27], [142, 24, 27, 27], [64, 147, 32, 32], [152, 147, 30, 30]]}, {"min_neighbors": 4, "scale": 1.1, "faces": [[98, 77, 27, 27], [230, 148, 27, 27], [203, 81, 30, 30], [64, 147, 32, 32], [152, 147, 30, 30]]}, {"min_neighbors": 5, "scale": 1.1, "faces": [[230, 148, 27, 27], [203, 81, 30, 30], [64, 147, 32, 32]]}, {"min_neighbors": 6, "scale": 1.1, "faces": [[230, 148, 27, 27], [203, 81, 30, 30]]}, {"min_neighbors": 3, "scale": 1.3, "faces": [[147, 143, 41, 41]]}, {"min_neighbors": 4, "scale": 1.3, "faces": [[147, 143, 41, 41]]}, {"min_neighbors": 5, "scale": 1.3, "faces": [[147, 143, 41, 41]]}, {"min_neighbors": 6, "scale": 1.3, "faces": []}], "life2100.gif": [{"min_neighbors": 3, "scale": 1.1, "faces": [[55, 144, 28, 28], [143, 179, 31, 31]]}, {"min_neighbors": 4, "scale": 1.1, "faces": [[55, 144, 28, 28], [143, 179, 31, 31]]}, {"min_neighbors": 5, "scale": 1.1, "faces": [[55, 144, 28, 28]]}, {"min_neighbors": 6, "scale": 1.1, "faces": []}, {"min_neighbors": 3, "scale": 1.3, "faces": []}, {"min_neighbors": 4, "scale": 1.3, "faces": []}, {"min_neighbors": 5, "scale": 1.3, "faces": []}, {"min_neighbors": 6, "scale": 1.3, "faces": []}], "divinci-man1.gif": [{"min_neighbors": 3, "scale": 1.1, "faces": [[273, 180, 49, 49]]}, {"min_neighbors": 4, "scale": 1.1, "faces": [[273, 180, 49, 49]]}, {"min_neighbors": 5, "scale": 1.1, "faces": [[273, 180, 49, 49]]}, {"min_neighbors": 6, "scale": 1.1, "faces": [[273, 180, 49, 49]]}, {"min_neighbors": 3, "scale": 1.3, "faces": [[275, 182, 46, 46]]}, {"min_neighbors": 4, "scale": 1.3, "faces": [[275, 182, 46, 46]]}, {"min_neighbors": 5, "scale": 1.3, "faces": [[275, 182, 46, 46]]}, {"min_neighbors": 6, "scale": 1.3, "faces": [[275, 182, 46, 46]]}], "bttf301.gif": [{"min_neighbors": 3, "scale": 1.1, "faces": [[211, 100, 49, 49], [503, 120, 53, 53], [132, 90, 53, 53], [455, 68, 53, 53], [62, 23, 58, 58], [324, 41, 55, 55]]}, {"min_neighbors": 4, "scale": 1.1, "faces": [[211, 100, 49, 49], [503, 120, 53, 53], [132, 90, 53, 53], [455, 68, 53, 53], [324, 41, 55, 55], [62, 23, 58, 58]]}, {"min_neighbors": 5, "scale": 1.1, "faces": [[211, 100, 49, 49], [503, 120, 53, 53], [132, 90, 53, 53], [455, 68, 53, 53], [324, 41, 55, 55], [62, 23, 58, 58]]}, {"min_neighbors": 6, "scale": 1.1, "faces": [[211, 100, 49, 49], [503, 120, 53, 53], [132, 90, 53, 53], [455, 68, 53, 53], [324, 41, 55, 55], [62, 23, 58, 58]]}, {"min_neighbors": 3, "scale": 1.3, "faces": [[324, 40, 56, 56], [132, 90, 53, 53], [62, 22, 57, 57], [455, 67, 55, 55], [211, 100, 49, 49], [505, 120, 52, 52]]}, {"min_neighbors": 4, "scale": 1.3, "faces": [[324, 40, 56, 56], [132, 90, 53, 53], [62, 22, 57, 57], [211, 100, 49, 49], [455, 67, 55, 55], [505, 120, 52, 52]]}, {"min_neighbors": 5, "scale": 1.3, "faces": [[324, 40, 56, 56], [132, 90, 53, 53], [455, 67, 55, 55], [62, 22, 57, 57], [211, 100, 49, 49], [505, 120, 52, 52]]}, {"min_neighbors": 6, "scale": 1.3, "faces": [[132, 90, 53, 53], [211, 100, 49, 49], [62, 22, 57, 57], [324, 40, 56, 56], [455, 67, 55, 55], [505, 120, 52, 52]]}], "J-L_Picard.Baldy.gif": [{"min_neighbors": 3, "scale": 1.1, "faces": []}, {"min_neighbors": 4, "scale": 1.1, "faces": []}, {"min_neighbors": 5, "scale": 1.1, "faces": []}, {"min_neighbors": 6, "scale": 1.1, "faces": []}, {"min_neighbors": 3, "scale": 1.3, "faces": []}, {"min_neighbors": 4, "scale": 1.3, "faces": []}, {"min_neighbors": 5, "scale": 1.3, "faces": []}, {"min_neighbors": 6, "scale": 1.3, "faces": []}], "oksana1.gif": [{"min_neighbors": 3, "scale": 1.1, "faces": [[159, 70, 29, 29], [97, 56, 46, 46], [182, 50, 47, 47]]}, {"min_neighbors": 4, "scale": 1.1, "faces": [[159, 70, 29, 29], [97, 56, 46, 46], [182, 50, 47, 47]]}, {"min_neighbors": 5, "scale": 1.1, "faces": [[159, 70, 29, 29], [97, 56, 46, 46], [182, 50, 47, 47]]}, {"min_neighbors": 6, "scale": 1.1, "faces": [[97, 56, 46, 46], [182, 50, 47, 47]]}, {"min_neighbors": 3, "scale": 1.3, "faces": [[97, 57, 44, 44]]}, {"min_neighbors": 4, "scale": 1.3, "faces": [[97, 57, 44, 44]]}, {"min_neighbors": 5, "scale": 1.3, "faces": []}, {"min_neighbors": 6, "scale": 1.3, "faces": []}], "cnn2600.gif": [{"min_neighbors": 3, "scale": 1.1, "faces": [[119, 55, 79, 79]]}, {"min_neighbors": 4, "scale": 1.1, "faces": [[119, 55, 79, 79]]}, {"min_neighbors": 5, "scale": 1.1, "faces": [[119, 55, 79, 79]]}, {"min_neighbors": 6, "scale": 1.1, "faces": [[119, 55, 79, 79]]}, {"min_neighbors": 3, "scale": 1.3, "faces": [[115, 54, 85, 85]]}, {"min_neighbors": 4, "scale": 1.3, "faces": [[115, 54, 85, 85]]}, {"min_neighbors": 5, "scale": 1.3, "faces": [[115, 54, 85, 85]]}, {"min_neighbors": 6, "scale": 1.3, "faces": [[115, 54, 85, 85]]}], "crimson.gif": [{"min_neighbors": 3, "scale": 1.1, "faces": [[150, 297, 330, 330]]}, {"min_neighbors": 4, "scale": 1.1, "faces": [[150, 297, 330, 330]]}, {"min_neighbors": 5, "scale": 1.1, "faces": [[150, 297, 330, 330]]}, {"min_neighbors": 6, "scale": 1.1, "faces": [[150, 297, 330, 330]]}, {"min_neighbors": 3, "scale": 1.3, "faces": [[183, 330, 265, 265], [82, 222, 466, 466]]}, {"min_neighbors": 4, "scale": 1.3, "faces": [[183, 330, 265, 265]]}, {"min_neighbors": 5, "scale": 1.3, "faces": [[183, 330, 265, 265]]}, {"min_neighbors": 6, "scale": 1.3, "faces": []}], "ysato.gif": [{"min_neighbors": 3, "scale": 1.1, "faces": [[63, 59, 73, 73], [3, 92, 76, 76]]}, {"min_neighbors": 4, "scale": 1.1, "faces": [[63, 59, 73, 73], [3, 92, 76, 76]]}, {"min_neighbors": 5, "scale": 1.1, "faces": [[63, 59, 73, 73]]}, {"min_neighbors": 6, "scale": 1.1, "faces": [[63, 59, 73, 73]]}, {"min_neighbors": 3, "scale": 1.3, "faces": [[62, 57, 75, 75]]}, {"min_neighbors": 4, "scale": 1.3, "faces": [[62, 57, 75, 75]]}, {"min_neighbors": 5, "scale": 1.3, "faces": [[62, 57, 75, 75]]}, {"min_neighbors": 6, "scale": 1.3, "faces": [[62, 57, 75, 75]]}], "judybats.gif": [{"min_neighbors": 3, "scale": 1.1, "faces": [[364, 397, 40, 40], [618, 420, 62, 62], [22, 368, 80, 80], [400, 297, 120, 120], [77, 160, 234, 234]]}, {"min_neighbors": 4, "scale": 1.1, "faces": [[364, 397, 40, 40], [618, 420, 62, 62], [22, 368, 80, 80], [400, 297, 120, 120], [77, 160, 234, 234]]}, {"min_neighbors": 5, "scale": 1.1, "faces": [[364, 397, 40, 40], [618, 420, 62, 62], [22, 368, 80, 80], [400, 297, 120, 120], [77, 160, 234, 234]]}, {"min_neighbors": 6, "scale": 1.1, "faces": [[364, 397, 40, 40], [618, 420, 62, 62], [22, 368, 80, 80], [400, 297, 120, 120], [77, 160, 234, 234]]}, {"min_neighbors": 3, "scale": 1.3, "faces": [[364, 397, 41, 41], [619, 418, 62, 62], [24, 369, 77, 77], [562, 132, 74, 74], [400, 298, 121, 121], [76, 164, 235, 235]]}, {"min_neighbors": 4, "scale": 1.3, "faces": [[364, 397, 41, 41], [619, 418, 62, 62], [24, 369, 77, 77], [562, 132, 74, 74], [400, 298, 121, 121], [76, 164, 235, 235]]}, {"min_neighbors": 5, "scale": 1.3, "faces": [[364, 397, 41, 41], [619, 418, 62, 62], [24, 369, 77, 77], [400, 298, 121, 121], [76, 164, 235, 235]]}, {"min_neighbors": 6, "scale": 1.3, "faces": [[619, 418, 62, 62], [24, 369, 77, 77], [400, 298, 121, 121], [76, 164, 235, 235]]}], "sarah4.gif": [{"min_neighbors": 3, "scale": 1.1, "faces": [[67, 97, 200, 200]]}, {"min_neighbors": 4, "scale": 1.1, "faces": [[67, 97, 200, 200]]}, {"min_neighbors": 5, "scale": 1.1, "faces": [[67, 97, 200, 200]]}, {"min_neighbors": 6, "scale": 1.1, "faces": [[67, 97, 200, 200]]}, {"min_neighbors": 3, "scale": 1.3, "faces": [[72, 98, 197, 197]]}, {"min_neighbors": 4, "scale": 1.3, "faces": [[72, 98, 197, 197]]}, {"min_neighbors": 5, "scale": 1.3, "faces": [[72, 98, 197, 197]]}, {"min_neighbors": 6, "scale": 1.3, "faces": [[72, 98, 197, 197]]}], "life-dreams.gif": [{"min_neighbors": 3, "scale": 1.1, "faces": []}, {"min_neighbors": 4, "scale": 1.1, "faces": []}, {"min_neighbors": 5, "scale": 1.1, "faces": []}, {"min_neighbors": 6, "scale": 1.1, "faces": []}, {"min_neighbors": 3, "scale": 1.3, "faces": []}, {"min_neighbors": 4, "scale": 1.3, "faces": []}, {"min_neighbors": 5, "scale": 1.3, "faces": []}, {"min_neighbors": 6, "scale": 1.3, "faces": []}], "mickymouse-self-p.gif": [{"min_neighbors": 3, "scale": 1.1, "faces": [[409, 252, 44, 44], [511, 270, 149, 149]]}, {"min_neighbors": 4, "scale": 1.1, "faces": [[409, 252, 44, 44], [511, 270, 149, 149]]}, {"min_neighbors": 5, "scale": 1.1, "faces": [[409, 252, 44, 44], [511, 270, 149, 149]]}, {"min_neighbors": 6, "scale": 1.1, "faces": [[409, 252, 44, 44], [511, 270, 149, 149]]}, {"min_neighbors": 3, "scale": 1.3, "faces": [[410, 252, 43, 43], [512, 274, 144, 144]]}, {"min_neighbors": 4, "scale": 1.3, "faces": [[410, 252, 43, 43], [512, 274, 144, 144]]}, {"min_neighbors": 5, "scale": 1.3, "faces": [[410, 252, 43, 43], [512, 274, 144, 144]]}, {"min_neighbors": 6, "scale": 1.3, "faces": [[410, 252, 43, 43], [512, 274, 144, 144]]}], "rehg-thanksgiving-1994.gif": [{"min_neighbors": 3, "scale": 1.1, "faces": [[404, 89, 36, 36], [213, 76, 38, 38], [289, 116, 40, 40], [345, 80, 41, 41], [158, 155, 40, 40], [285, 65, 39, 39], [113, 83, 42, 42]]}, {"min_neighbors": 4, "scale": 1.1, "faces": [[404, 89, 36, 36], [289, 116, 40, 40], [213, 76, 38, 38], [345, 80, 41, 41], [285, 65, 39, 39], [113, 83, 42, 42], [158, 155, 40, 40]]}, {"min_neighbors": 5, "scale": 1.1, "faces": [[404, 89, 36, 36], [213, 76, 38, 38], [345, 80, 41, 41], [289, 116, 40, 40], [158, 155, 40, 40], [285, 65, 39, 39], [113, 83, 42, 42]]}, {"min_neighbors": 6, "scale": 1.1, "faces": [[404, 89, 36, 36], [213, 76, 38, 38], [289, 116, 40, 40], [345, 80, 41, 41], [158, 155, 40, 40], [285, 65, 39, 39], [113, 83, 42, 42]]}, {"min_neighbors": 3, "scale": 1.3, "faces": [[214, 78, 35, 35], [346, 82, 38, 38], [158, 155, 41, 41], [113, 83, 41, 41], [401, 87, 41, 41]]}, {"min_neighbors": 4, "scale": 1.3, "faces": [[214, 78, 35, 35], [346, 82, 38, 38], [158, 155, 41, 41], [113, 83, 41, 41], [401, 87, 41, 41]]}, {"min_neighbors": 5, "scale": 1.3, "faces": [[214, 78, 35, 35], [346, 82, 38, 38], [158, 155, 41, 41], [113, 83, 41, 41], [401, 87, 41, 41]]}, {"min_neighbors": 6, "scale": 1.3, "faces": [[346, 82, 38, 38], [113, 83, 41, 41]]}], "Colombia.gif": [{"min_neighbors": 3, "scale": 1.1, "faces": [[261, 42, 33, 33], [220, 201, 41, 41], [546, 207, 40, 40], [145, 54, 42, 42], [492, 60, 43, 43], [440, 207, 46, 46], [325, 163, 45, 45]]}, {"min_neighbors": 4, "scale": 1.1, "faces": [[220, 201, 41, 41], [546, 207, 40, 40], [145, 54, 42, 42], [492, 60, 43, 43], [440, 207, 46, 46], [325, 163, 45, 45]]}, {"min_neighbors": 5, "scale": 1.1, "faces": [[220, 201, 41, 41], [546, 207, 40, 40], [440, 207, 46, 46], [145, 54, 42, 42], [492, 60, 43, 43], [325, 163, 45, 45]]}, {"min_neighbors": 6, "scale": 1.1, "faces": [[220, 201, 41, 41], [546, 207, 40, 40], [145, 54, 42, 42], [492, 60, 43, 43], [440, 207, 46, 46], [325, 163, 45, 45]]}, {"min_neighbors": 3, "scale": 1.3, "faces": [[146, 54, 40, 40], [494, 60, 42, 42], [546, 207, 41, 41], [220, 200, 44, 44], [325, 164, 44, 44], [439, 208, 45, 45], [105, 210, 44, 44]]}, {"min_neighbors": 4, "scale": 1.3, "faces": [[494, 60, 42, 42], [546, 207, 41, 41], [146, 54, 40, 40], [325, 164, 44, 44], [439, 208, 45, 45]]}, {"min_neighbors": 5, "scale": 1.3, "faces": [[546, 207, 41, 41], [146, 54, 40, 40], [439, 208, 45, 45]]}, {"min_neighbors": 6, "scale": 1.3, "faces": [[146, 54, 40, 40], [439, 208, 45, 45]]}], "hendrix2.gif": [{"min_neighbors": 3, "scale": 1.1, "faces": [[27, 41, 68, 68]]}, {"min_neighbors": 4, "scale": 1.1, "faces": [[27, 41, 68, 68]]}, {"min_neighbors": 5, "scale": 1.1, "faces": [[27, 41, 68, 68]]}, {"min_neighbors": 6, "scale": 1.1, "faces": [[27, 41, 68, 68]]}, {"min_neighbors": 3, "scale": 1.3, "faces": [[29, 42, 67, 67]]}, {"min_neighbors": 4, "scale": 1.3, "faces": [[29, 42, 67, 67]]}, {"min_neighbors": 5, "scale": 1.3, "faces": [[29, 42, 67, 67]]}, {"min_neighbors": 6, "scale": 1.3, "faces": [[29, 42, 67, 67]]}], "cnn2020.gif": [{"min_neighbors": 3, "scale": 1.1, "faces": [[84, 32, 139, 139]]}, {"min_neighbors": 4, "scale": 1.1, "faces": [[84, 32, 139, 139]]}, {"min_neighbors": 5, "scale": 1.1, "faces": [[84, 32, 139, 139]]}, {"min_neighbors": 6, "scale": 1.1, "faces": [[84, 32, 139, 139]]}, {"min_neighbors": 3, "scale": 1.3, "faces": [[82, 30, 144, 144]]}, {"min_neighbors": 4, "scale": 1.3, "faces": [[82, 30, 144, 144]]}, {"min_neighbors": 5, "scale": 1.3, "faces": [[82, 30, 144, 144]]}, {"min_neighbors": 6, "scale": 1.3, "faces": [[82, 30, 144, 144]]}], "knex42.gif": [{"min_neighbors": 3, "scale": 1.1, "faces": []}, {"min_neighbors": 4, "scale": 1.1, "faces": []}, {"min_neighbors": 5, "scale": 1.1, "faces": []}, {"min_neighbors": 6, "scale": 1.1, "faces": []}, {"min_neighbors": 3, "scale": 1.3, "faces": []}, {"min_neighbors": 4, "scale": 1.3, "faces": []}, {"min_neighbors": 5, "scale": 1.3, "faces": []}, {"min_neighbors": 6, "scale": 1.3, "faces": []}], "next.gif": [{"min_neighbors": 3, "scale": 1.1, "faces": [[172, 124, 42, 42], [130, 19, 38, 38], [80, 146, 42, 42], [208, 42, 30, 30], [64, 5, 36, 36], [266, 134, 39, 39]]}, {"min_neighbors": 4, "scale": 1.1, "faces": [[172, 124, 42, 42], [130, 19, 38, 38], [208, 42, 30, 30], [80, 146, 42, 42], [64, 5, 36, 36], [266, 134, 39, 39]]}, {"min_neighbors": 5, "scale": 1.1, "faces": [[172, 124, 42, 42], [130, 19, 38, 38], [80, 146, 42, 42], [266, 134, 39, 39], [64, 5, 36, 36]]}, {"min_neighbors": 6, "scale": 1.1, "faces": [[172, 124, 42, 42], [130, 19, 38, 38], [80, 146, 42, 42], [266, 134, 39, 39], [64, 5, 36, 36]]}, {"min_neighbors": 3, "scale": 1.3, "faces": [[129