{"aeon1a.gif": [{"min_neighbors": 3, "scale": 1.1, "faces": [[153, 74, 165, 165]]}, {"min_neighbors": 4, "scale": 1.1, "faces": [[153, 74, 165, 165]]}, {"min_neighbors": 5, "scale": 1.1, "faces": [[153, 74, 165, 165]]}, {"min_neighbors": 6, "scale": 1.1, "faces": [[153, 74, 165, 165]]}, {"min_neighbors": 3, "scale": 1.3, "faces": []}, {"min_neighbors": 4, "scale": 1.3, "faces": []}, {"min_neighbors": 5, "scale": 1.3, "faces": []}, {"min_neighbors": 6, "scale": 1.3, "faces": []}], "speed.gif": [{"min_neighbors": 3, "scale": 1.1, "faces": [[31, 34, 41, 41]]}, {"min_neighbors": 4, "scale": 1.1, "faces": [[31, 34, 41, 41]]}, {"min_neighbors": 5, "scale": 1.1, "faces": [[31, 34, 41, 41]]}, {"min_neighbors": 6, "scale": 1.1, "faces": [[31, 34, 41, 41]]}, {"min_neighbors": 3, "scale": 1.3, "faces": [[29, 34, 45, 45]]}, {"min_neighbors": 4, "scale": 1.3, "faces": [[29, 34, 45, 45]]}, {"min_neighbors": 5, "scale": 1.3, "faces": [[29, 34, 45, 45]]}, {"min_neighbors": 6, "scale": 1.3, "faces": [[29, 34, 45, 45]]}], "wxm.gif": [{"min_neighbors": 3, "scale": 1.1, "faces": [[28, 16, 51, 51]]}, {"min_neighbors": 4, "scale": 1.1, "faces": [[28, 16, 51, 51]]}, {"min_neighbors": 5, "scale": 1.1, "faces": [[28, 16, 51, 51]]}, {"min_neighbors": 6, "scale": 1.1, "faces": [[28, 16, 51, 51]]}, {"min_neighbors": 3, "scale": 1.3, "faces": [[30, 17, 48, 48]]}, {"min_neighbors": 4, "scale": 1.3, "faces": [[30, 17, 48, 48]]}, {"min_neighbors": 5, "scale": 1.3, "faces": []}, {"min_neighbors": 6, "scale": 1.3, "faces": []}], "ew-friends.gif": [{"min_neighbors": 3, "scale": 1.1, "faces": [[153, 53, 29, 29], [160, 125, 29, 29], [192, 61, 31, 31], [115, 63, 37, 37], [123, 116, 28, 28], [202, 113, 33, 33]]}, {"min_neighbors": 4, "scale": 1.1, "faces": [[160, 125, 29, 29], [153, 53, 29, 29], [192, 61, 31, 31], [115, 63, 37, 37], [123, 116, 28, 28], [202, 113, 33, 33]]}, {"min_neighbors": 5, "scale": 1.1, "faces": [[160, 125, 29, 29], [123, 116, 28, 28], [153, 53, 29, 29], [192, 61, 31, 31], [115, 63, 37, 37], [202, 113, 33, 33]]}, {"min_neighbors": 6, "scale": 1.1, "faces": [[160, 125, 29, 29], [123, 116, 28, 28], [153, 53, 29, 29], [192, 61, 31, 31], [115, 63, 37, 37], [202, 113, 33, 33]]}, {"min_neighbors": 3, "scale": 1.3, "faces": [[154, 54, 28, 28], [116, 63, 37, 37], [125, 117, 26, 26], [161, 126, 27, 27], [191, 60, 34, 34]]}, {"min_neighbors": 4, "scale": 1.3, "faces": [[161, 126, 27, 27], [125, 117, 26, 26], [116, 63, 37, 37]]}, {"min_neighbors": 5, "scale": 1.3, "faces": [[161, 126, 27, 27], [125, 117, 26, 26], [116, 63, 37, 37]]}, {"min_neighbors": 6, "scale": 1.3, "faces": [[161, 126, 27, 27], [116, 63, 37, 37]]}], "bwolen.gif": [{"min_neighbors": 3, "scale": 1.1, "faces": []}, {"min_neighbors": 4, "scale": 1.1, "faces": []}, {"min_neighbors": 5, "scale": 1.1, "faces": []}, {"min_neighbors": 6, "scale": 1.1, "faces": []}, {"min_neighbors": 3, "scale": 1.3, "faces": []}, {"min_neighbors": 4, "scale": 1.3, "faces": []}, {"min_neighbors": 5, "scale": 1.3, "faces": []}, {"min_neighbors": 6, "scale": 1.3, "faces": []}], "plays.gif": [{"min_neighbors": 3, "scale": 1.1, "faces": [[398, 104, 30, 30], [165, 106, 53, 53], [12, 543, 124, 124]]}, {"min_neighbors": 4, "scale": 1.1, "faces": [[165, 106, 53, 53], [12, 543, 124, 124]]}, {"min_neighbors": 5, "scale": 1.1, "faces": [[12, 543, 124, 124]]}, {"min_neighbors": 6, "scale": 1.1, "faces": [[12, 543, 124, 124]]}, {"min_neighbors": 3, "scale": 1.3, "faces": [[11, 544, 128, 128]]}, {"min_neighbors": 4, "scale": 1.3, "faces": [[11, 544, 128, 128]]}, {"min_neighbors": 5, "scale": 1.3, "faces": [[11, 544, 128, 128]]}, {"min_neighbors": 6, "scale": 1.3, "faces": [[11, 544, 128, 128]]}], "Argentina.gif": [{"min_neighbors": 3, "scale": 1.1, "faces": [[226, 39, 42, 42], [520, 38, 39, 39], [126, 42, 38, 38], [431, 50, 37, 37], [329, 28, 41, 41], [31, 47, 40, 40], [142, 192, 51, 51], [395, 192, 46, 46], [533, 193, 42, 42], [40, 196, 45, 45], [274, 203, 49, 49]]}, {"min_neighbors": 4, "scale": 1.1, "faces": [[226, 39, 42, 42], [431, 50, 37, 37], [520, 38, 39, 39], [126, 42, 38, 38], [329, 28, 41, 41], [31, 47, 40, 40], [142, 192, 51, 51], [395, 192, 46, 46], [533, 193, 42, 42], [40, 196, 45, 45], [274, 203, 49, 49]]}, {"min_neighbors": 5, "scale": 1.1, "faces": [[226, 39, 42, 42], [520, 38, 39, 39], [126, 42, 38, 38], [431, 50, 37, 37], [329, 28, 41, 41], [31, 47, 40, 40], [142, 192, 51, 51], [395, 192, 46, 46], [533, 193, 42, 42], [40, 196, 45, 45], [274, 203, 49, 49]]}, {"min_neighbors": 6, "scale": 1.1, "faces": [[226, 39, 42, 42], [520, 38, 39, 39], [126, 42, 38, 38], [431, 50, 37, 37], [329, 28, 41, 41], [31, 47, 40, 40], [142, 192, 51, 51], [395, 192, 46, 46], [533, 193, 42, 42], [40, 196, 45, 45], [274, 203, 49, 49]]}, {"min_neighbors": 3, "scale": 1.3, "faces": [[330, 29, 41, 41], [430, 50, 38, 38], [227, 40, 40, 40], [127, 43, 37, 37], [277, 205, 44, 44], [41, 198, 43, 43], [395, 192, 49, 49], [533, 193, 44, 44], [144, 192, 50, 50]]}, {"min_neighbors": 4, "scale": 1.3, "faces": [[430, 50, 38, 38], [330, 29, 41, 41], [227, 40, 40, 40], [127, 43, 37, 37], [41, 198, 43, 43], [277, 205, 44, 44], [395, 192, 49, 49], [144, 192, 50, 50]]}, {"min_neighbors": 5, "scale": 1.3, "faces": [[330, 29, 41, 41], [227, 40, 40, 40], [430, 50, 38, 38], [277, 205, 44, 44], [41, 198, 43, 43], [395, 192, 49, 49], [144, 192, 50, 50]]}, {"min_neighbors": 6, "scale": 1.3, "faces": [[330, 29, 41, 41], [227, 40, 40, 40], [277, 205, 44, 44], [395, 192, 49, 49], [144, 192, 50, 50]]}], "ds9.gif": [{"min_neighbors": 3, "scale": 1.1, "faces": [[552, 118, 52, 52], [145, 89, 55, 55], [198, 31, 52, 52], [462, 100, 52, 52], [87, 17, 60, 60], [280, 56, 57, 57], [28, 106, 63, 63]]}, {"min_neighbors": 4, "scale": 1.1, "faces": [[552, 118, 52, 52], [145, 89, 55, 55], [198, 31, 52, 52], [462, 100, 52, 52], [87, 17, 60, 60], [280, 56, 57, 57], [28, 106, 63, 63]]}, {"min_neighbors": 5, "scale": 1.1, "faces": [[552, 118, 52, 52], [145, 89, 55, 55], [198, 31, 52, 52], [462, 100, 52, 52], [87, 17, 60, 60], [280, 56, 57, 57], [28, 106, 63, 63]]}, {"min_neighbors": 6, "scale": 1.1, "faces": [[552, 118, 52, 52], [145, 89, 55, 55], [198, 31, 52, 52], [462, 100, 52, 52], [87, 17, 60, 60], [280, 56, 57, 57], [28, 106, 63, 63]]}, {"min_neighbors": 3, "scale": 1.3, "faces": [[199, 32, 51, 51], [461, 101, 52, 52], [551, 116, 56, 56], [88, 18, 58, 58], [28, 105, 63, 63], [144, 88, 57, 57]]}, {"min_neighbors": 4, "scale": 1.3, "faces": [[199, 32, 51, 51], [461, 101, 52, 52], [551, 116, 56, 56], [28, 105, 63, 63], [88, 18, 58, 58], [144, 88, 57, 57]]}, {"min_neighbors": 5, "scale": 1.3, "faces": [[461, 101, 52, 52], [551, 116, 56, 56], [199, 32, 51, 51], [88, 18, 58, 58], [28, 105, 63, 63], [144, 88, 57, 57]]}, {"min_neighbors": 6, "scale": 1.3, "faces": [[461, 101, 52, 52], [199, 32, 51, 51], [551, 116, 56, 56], [88, 18, 58, 58], [28, 105, 63, 63], [144, 88, 57, 57]]}], "Arsenal.gif": [{"min_neighbors": 3, "scale": 1.1, "faces": [[449, 155, 43, 43], [63, 43, 40, 40], [268, 57, 40, 40], [126, 33, 35, 35], [302, 24, 48, 48], [42, 85, 47, 47], [161, 170, 46, 46], [426, 5, 52, 52], [236, 161, 49, 49], [298, 272, 68, 68]]}, {"min_neighbors": 4, "scale": 1.1, "faces": [[449, 155, 43, 43], [63, 43, 40, 40], [268, 57, 40, 40], [126, 33, 35, 35], [302, 24, 48, 48], [161, 170, 46, 46], [42, 85, 47, 47], [426, 5, 52, 52], [236, 161, 49, 49], [298, 272, 68, 68]]}, {"min_neighbors": 5, "scale": 1.1, "faces": [[449, 155, 43, 43], [63, 43, 40, 40], [268, 57, 40, 40], [302, 24, 48, 48], [42, 85, 47, 47], [161, 170, 46, 46], [426, 5, 52, 52]]}, {"min_neighbors": 6, "scale": 1.1, "faces": [[449, 155, 43, 43], [63, 43, 40, 40], [268, 57, 40, 40], [302, 24, 48, 48], [42, 85, 47, 47], [426, 5, 52, 52]]}, {"min_neighbors": 3, "scale": 1.3, "faces": [[427, 4, 52, 52], [303, 24, 50, 50], [447, 153, 49, 49], [236, 161, 49, 49]]}, {"min_neighbors": 4, "scale": 1.3, "faces": [[427, 4, 52, 52], [236, 161, 49, 49], [303, 24, 50, 50], [447, 153, 49, 49]]}, {"min_neighbors": 5, "scale": 1.3, "faces": [[427, 4, 52, 52], [303, 24, 50, 50], [236, 161, 49, 49], [447, 153, 49, 49]]}, {"min_neighbors": 6, "scale": 1.3, "faces": [[427, 4, 52, 52], [303, 24, 50, 50]]}], "married.gif": [{"min_neighbors": 3, "scale": 1.1, "faces": [[285, 48, 55, 55], [29, 84, 58, 58], [155, 28, 69, 69]]}, {"min_neighbors": 4, "scale": 1.1, "faces": [[285, 48, 55, 55], [29, 84, 58, 58], [155, 28, 69, 69]]}, {"min_neighbors": 5, "scale": 1.1, "faces": [[285, 48, 55, 55], [29, 84, 58, 58], [155, 28, 69, 69]]}, {"min_neighbors": 6, "scale": 1.1, "faces": [[285, 48, 55, 55], [29, 84, 58, 58], [155, 28, 69, 69]]}, {"min_neighbors": 3, "scale": 1.3, "faces": [[31, 85, 55, 55], [285, 48, 55, 55], [155, 28, 69, 69]]}, {"min_neighbors": 4, "scale": 1.3, "faces": [[31, 85, 55, 55], [285, 48, 55, 55], [155, 28, 69, 69]]}, {"min_neighbors": 5, "scale": 1.3, "faces": [[31, 85, 55, 55], [285, 48, 55, 55], [155, 28, 69, 69]]}, {"min_neighbors": 6, "scale": 1.3, "faces": [[31, 85, 55, 55], [285, 48, 55, 55], [155, 28, 69, 69]]}], "life7422.gif": [{"min_neighbors": 3, "scale": 1.1, "faces": []}, {"min_neighbors": 4, "scale": 1.1, "faces": []}, {"min_neighbors": 5, "scale": 1.1, "faces": []}, {"min_neighbors": 6, "scale": 1.1, "faces": []}, {"min_neighbors": 3, "scale": 1.3, "faces": []}, {"min_neighbors": 4, "scale": 1.3, "faces": []}, {"min_neighbors": 5, "scale": 1.3, "faces": []}, {"min_neighbors": 6, "scale": 1.3, "faces": []}], "clapton.gif": [{"min_neighbors": 3, "scale": 1.1, "faces": []}, {"min_neighbors": 4, "scale": 1.1, "faces": []}, {"min_neighbors": 5, "scale": 1.1, "faces": []}, {"min_neighbors": 6, "scale": 1.1, "faces": []}, {"min_neighbors": 3, "scale": 1.3, "faces": []}, {"min_neighbors": 4, "scale": 1.3, "faces": []}, {"min_neighbors": 5, "scale": 1.3, "faces": []}, {"min_neighbors": 6, "scale": 1.3, "faces": []}], "uprooted-tree.gif": [{"min_neighbors": 3, "scale": 1.1, "faces": []}, {"min_neighbors": 4, "scale": 1.1, "faces": []}, {"min_neighbors": 5, "scale": 1.1, "faces": []}, {"min_neighbors": 6, "scale": 1.1, "faces": []}, {"min_neighbors": 3, "scale": 1.3, "faces": []}, {"min_neighbors": 4, "scale": 1.3, "faces": []}, {"min_neighbors": 5, "scale": 1.3, "faces": []}, {"min_neighbors": 6, "scale": 1.3, "faces": []}], "original1.gif": [{"min_neighbors": 3, "scale": 1.1, "faces": [[24, 36, 31, 31], [318, 77, 32, 32], [116, 43, 25, 25], [84, 97, 32, 32], [312, 49, 26, 26], [194, 105, 30, 30]]}, {"min_neighbors": 4, "scale": 1.1, "faces": [[84, 97, 32, 32], [194, 105, 30, 30], [24, 36, 31, 31], [312, 49, 26, 26], [116, 43, 25, 25], [318, 77, 32, 32]]}, {"min_neighbors": 5, "scale": 1.1, "faces": [[24, 36, 31, 31], [84, 97, 32, 32], [312, 49, 26, 26], [194, 105, 30, 30], [318, 77, 32, 32]]}, {"min_neighbors": 6, "scale": 1.1, "faces": [[84, 97, 32, 32], [318, 77, 32, 32], [194, 105, 30, 30], [24, 36, 31, 31], [312, 49, 26, 26]]}, {"min_neighbors": 3, "scale": 1.3, "faces": [[26, 37, 28, 28], [312, 49, 27, 27]]}, {"min_neighbors": 4, "scale": 1.3, "faces": [[26, 37, 28, 28], [312, 49, 27, 27]]}, {"min_neighbors": 5, "scale": 1.3, "faces": [[26, 37, 28, 28]]}, {"min_neighbors": 6, "scale": 1.3, "faces": [[26, 37, 28, 28]]}], "voyager2.gif": [{"min_neighbors": 3, "scale": 1.1, "faces": [[513, 83, 73, 73], [254, 205, 64, 64], [333, 33, 70, 70], [413, 174, 73, 73], [135, 257, 82, 82], [503, 281, 78, 78], [320, 293, 81, 81], [114, 740, 58, 58], [36, 124, 80, 80], [150, 137, 78, 78]]}, {"min_neighbors": 4, "scale": 1.1, "faces": [[513, 83, 73, 73], [254, 205, 64, 64], [333, 33, 70, 70], [413, 174, 73, 73], [320, 293, 81, 81], [36, 124, 80, 80], [503, 281, 78, 78], [135, 257, 82, 82], [114, 740, 58, 58], [150, 137, 78, 78]]}, {"min_neighbors": 5, "scale": 1.1, "faces": [[254, 205, 64, 64], [333, 33, 70, 70], [513, 83, 73, 73], [413, 174, 73, 73], [320, 293, 81, 81], [36, 124, 80, 80], [135, 257, 82, 82], [503, 281, 78, 78], [114, 740, 58, 58], [150, 137, 78, 78]]}, {"min_neighbors": 6, "scale": 1.1, "faces": [[513, 83, 73, 73], [254, 205, 64, 64], [333, 33, 70, 70], [413, 174, 73, 73], [320, 293, 81, 81], [36, 124, 80, 80], [503, 281, 78, 78], [135, 257, 82, 82], [150, 137, 78, 78]]}, {"min_neighbors": 3, "scale": 1.3, "faces": [[504, 282, 79, 79], [254, 206, 64, 64], [321, 294, 81, 81], [334, 35, 66, 66], [414, 174, 73, 73], [136, 258, 81, 81], [39, 127, 75, 75], [514, 84, 72, 72], [150, 137, 81, 81]]}, {"min_neighbors": 4, "scale": 1.3, "faces": [[254, 206, 64, 64], [504, 282, 79, 79], [334, 35, 66, 66], [321, 294, 81, 81], [39, 127, 75, 75], [136, 258, 81, 81], [414, 174, 73, 73], [514, 84, 72, 72], [150, 137, 81, 81]]}, {"min_neighbors": 5, "scale": 1.3, "faces": [[254, 206, 64, 64], [334, 35, 66, 66], [504, 282, 79, 79], [39, 127, 75, 75], [321, 294, 81, 81], [514, 84, 72, 72], [414, 174, 73, 73], [136, 258, 81, 81], [150, 137, 81, 81]]}, {"min_neighbors": 6, "scale": 1.3, "faces": [[254, 206, 64, 64], [414, 174, 73, 73], [334, 35, 66, 66], [504, 282, 79, 79], [321, 294, 81, 81], [136, 258, 81, 81], [514, 84, 72, 72], [39, 127, 75, 75], [150, 137, 81, 81]]}], "original2.gif": [{"min_neighbors": 3, "scale": 1.1, "faces": [[415, 53, 67, 67], [265, 151, 74, 74], [333, 222, 91, 91], [179, 314, 93, 93], [449, 87, 87, 87], [548, 186, 79, 79], [107, 150, 98, 98], [29, 330, 93, 93]]}, {"min_neighbors": 4, "scale": 1.1, "faces": [[415, 53, 67, 67], [265, 151, 74, 74], [179, 314, 93, 93], [333, 222, 91, 91], [449, 87, 87, 87], [29, 330, 93, 93], [107, 150, 98, 98]]}, {"min_neighbors": 5, "scale": 1.1, "faces": [[415, 53, 67, 67], [265, 151, 74, 74], [179, 314, 93, 93], [333, 222, 91, 91], [29, 330, 93, 93], [449, 87, 87, 87], [107, 150, 98, 98]]}, {"min_neighbors": 6, "scale": 1.1, "faces": [[265, 151, 74, 74], [179, 314, 93, 93], [333, 222, 91, 91], [29, 330, 93, 93], [449, 87, 87, 87], [107, 150, 98, 98]]}, {"min_neighbors": 3, "scale": 1.3, "faces": [[264, 149, 79, 79], [111, 153, 89, 89], [29, 329, 97, 97], [324, 210, 116, 116]]}, {"min_neighbors": 4, "scale": 1.3, "faces": [[29, 329, 97, 97]]}, {"min_neighbors": 5, "scale": 1.3, "faces": [[29, 329, 97, 97]]}, {"min_neighbors": 6, "scale": 1.3, "faces": [[29, 329, 97, 97]]}], "john.coltrane.gif": [{"min_neighbors": 3, "scale": 1.1, "faces": [[53, 98, 166, 166]]}, {"min_neighbors": 4, "scale": 1.1, "faces": [[53, 98, 166, 166]]}, {"min_neighbors": 5, "scale": 1.1, "faces": [[53, 98, 166, 166]]}, {"min_neighbors": 6, "scale": 1.1, "faces": [[53, 98, 166, 166]]}, {"min_neighbors": 3, "scale": 1.3, "faces": [[51, 99, 164, 164]]}, {"min_neighbors": 4, "scale": 1.3, "faces": [[51, 99, 164, 164]]}, {"min_neighbors": 5, "scale": 1.3, "faces": [[51, 99, 164, 164]]}, {"min_neighbors": 6, "scale": 1.3, "faces": [[51, 99, 164, 164]]}], "tp-reza-girosi.gif": [{"min_neighbors": 3, "scale": 1.1, "faces": [[13, 34, 49, 49], [73, 43, 54, 54], [140, 16, 49, 49]]}, {"min_neighbors": 4, "scale": 1.1, "faces": [[13, 34, 49, 49], [73, 43, 54, 54], [140, 16, 49, 49]]}, {"min_neighbors": 5, "scale": 1.1, "faces": [[13, 34, 49, 49], [73, 43, 54, 54], [140, 16, 49, 49]]}, {"min_neighbors": 6, "scale": 1.1, "faces": [[13, 34, 49, 49], [73, 43, 54, 54], [140, 16, 49, 49]]}, {"min_neighbors": 3, "scale": 1.3, "faces": [[138, 14, 52, 52], [14, 34, 49, 49], [75, 44, 51, 51]]}, {"min_neighbors": 4, "scale": 1.3, "faces": [[138, 14, 52, 52], [14, 34, 49, 49], [75, 44, 51, 51]]}, {"min_neighbors": 5, "scale": 1.3, "faces": [[138, 14, 52, 52], [14, 34, 49, 49], [75, 44, 51, 51]]}, {"min_neighbors": 6, "scale": 1.3, "faces": [[138, 14, 52, 52], [75, 44, 51, 51]]}], "Ecuador.gif": [{"min_neighbors": 3, "scale": 1.1, "faces": [[2, 176, 30, 30], [369, 68, 35, 35], [274, 68, 34, 34], [533, 79, 34, 34], [101, 197, 43, 43], [170, 71, 36, 36], [449, 199, 42, 42]]}, {"min_neighbors": 4, "scale": 1.1, "faces": [[369, 68, 35, 35], [101, 197, 43, 43], [533, 79, 34, 34], [274, 68, 34, 34], [449, 199, 42, 42]]}, {"min_neighbors": 5, "scale": 1.1, "faces": [[369, 68, 35, 35], [101, 197, 43, 43], [274, 68, 34, 34], [533, 79, 34, 34], [449, 199, 42, 42]]}, {"min_neighbors": 6, "scale": 1.1, "faces": [[369, 68, 35, 35], [101, 197, 43, 43], [533, 79, 34, 34], [449, 199, 42, 42]]}, {"min_neighbors": 3, "scale": 1.3, "faces": [[96, 195, 51, 51], [575, 226, 34, 34]]}, {"min_neighbors": 4, "scale": 1.3, "faces": [[96, 195, 51, 51]]}, {"min_neighbors": 5, "scale": 1.3, "faces": [[96, 195, 51, 51]]}, {"min_neighbors": 6, "scale": 1.3, "faces": [[96, 195, 51, 51]]}], "tori-crucify.gif": [{"min_neighbors": 3, "scale": 1.1, "faces": [[127, 128, 109, 109]]}, {"min_neighbors": 4, "scale": 1.1, "faces": [[127, 128, 109, 109]]}, {"min_neighbors": 5, "scale": 1.1, "faces": [[127, 128, 109, 109]]}, {"min_neighbors": 6, "scale": 1.1, "faces": [[127, 128, 109, 109]]}, {"min_neighbors": 3, "scale": 1.3, "faces": [[124, 125, 116, 116]]}, {"min_neighbors": 4, "scale": 1.3, "faces": [[124, 125, 116, 116]]}, {"min_neighbors": 5, "scale": 1.3, "faces": [[124, 125, 116, 116]]}, {"min_neighbors": 6, "scale": 1.3, "faces": [[124, 125, 116, 116]]}], "audrybt1.gif": [{"min_neighbors": 3, "scale": 1.1, "faces": [[124, 31, 54, 54]]}, {"min_neighbors": 4, "scale": 1.1, "faces": [[124, 31, 54, 54]]}, {"min_neighbors": 5, "scale": 1.1, "faces": [[124, 31, 54, 54]]}, {"min_neighbors": 6, "scale": 1.1, "faces": [[124, 31, 54, 54]]}, {"min_neighbors": 3, "scale": 1.3, "faces": [[125, 33, 52, 52]]}, {"min_neighbors": 4, "scale": 1.3, "faces": [[125, 33, 52, 52]]}, {"min_neighbors": 5, "scale": 1.3, "faces": [[125, 33, 52, 52]]}, {"min_neighbors": 6, "scale": 1.3, "faces": [[125, 33, 52, 52]]}], "pittsburgh-park.gif": [{"min_neighbors": 3, "scale": 1.1, "faces": [[266, 225, 59, 59]]}, {"min_neighbors": 4, "scale": 1.1, "faces": [[266, 225, 59, 59]]}, {"min_neighbors": 5, "scale": 1.1, "faces": [[266, 225, 59, 59]]}, {"min_neighbors": 6, "scale": 1.1, "faces": [[266, 225, 59, 59]]}, {"min_neighbors": 3, "scale": 1.3, "faces": []}, {"min_neighbors": 4, "scale": 1.3, "faces": []}, {"min_neighbors": 5, "scale": 1.3, "faces": []}, {"min_neighbors": 6, "scale": 1.3, "faces": []}], "torrance.gif": [{"min_neighbors": 3, "scale": 1.1, "faces": [[189, 75, 43, 43], [122, 58, 59, 59]]}, {"min_neighbors": 4, "scale": 1.1, "faces": [[189, 75, 43, 43], [122, 58, 59, 59]]}, {"min_neighbors": 5, "scale": 1.1, "faces": [[189, 75, 43, 43], [122, 58, 59, 59]]}, {"min_neighbors": 6, "scale": 1.1, "faces": [[189, 75, 43, 43], [122, 58, 59, 59]]}, {"min_neighbors": 3, "scale": 1.3, "faces": [[187, 73, 48, 48], [123, 59, 59, 59]]}, {"min_neighbors": 4, "scale": 1.3, "faces": [[187, 73, 48, 48], [123, 59, 59, 59]]}, {"min_neighbors": 5, "scale": 1.3, "faces": [[187, 73, 48, 48]]}, {"min_neighbors": 6, "scale": 1.3, "faces": [[187, 73, 48, 48]]}], "life-cover.gif": [{"min_neighbors": 3, "scale": 1.1, "faces": []}, {"min_neighbors": 4, "scale": 1.1, "faces": []}, {"min_neighbors": 5, "scale": 1.1, "faces": []}, {"min_neighbors": 6, "scale": 1.1, "faces": []}, {"min_neighbors": 3, "scale": 1.3, "faces": []}, {"min_neighbors": 4, "scale": 1.3, "faces": []}, {"min_neighbors": 5, "scale": 1.3, "faces": []}, {"min_neighbors": 6, "scale": 1.3, "faces": []}], "newsradio.gif": [{"min_neighbors": 3, "scale": 1.1, "faces": [[223, 72, 62, 62], [208, 170, 67, 67], [300, 110, 72, 72], [125, 155, 69, 69], [88, 253, 67, 67], [304, 251, 61, 61], [375, 193, 63, 63]]}, {"min_neighbors": 4, "scale": 1.1, "faces": [[223, 72, 62, 62], [208, 170, 67, 67], [300, 110, 72, 72], [88, 253, 67, 67], [304, 251, 61, 61], [125, 155, 69, 69], [375, 193, 63, 63]]}, {"min_neighbors": 5, "scale": 1.1, "faces": [[223, 72, 62, 62], [208, 170, 67, 67], [300, 110, 72, 72], [88, 253, 67, 67], [304, 251, 61, 61], [125, 155, 69, 69], [375, 193, 63, 63]]}, {"min_neighbors": 6, "scale": 1.1, "faces": [[223, 72, 62, 62], [88, 253, 67, 67], [304, 251, 61, 61], [208, 170, 67, 67], [300, 110, 72, 72], [125, 155, 69, 69], [375, 193, 63, 63]]}, {"min_neighbors": 3, "scale": 1.3, "faces": [[223, 72, 62, 62], [304, 251, 62, 62], [89, 254, 65, 65], [126, 155, 69, 69], [211, 173, 63, 63], [376, 194, 63, 63], [299, 108, 76, 76]]}, {"min_neighbors": 4, "scale": 1.3, "faces": [[223, 72, 62, 62], [304, 251, 62, 62], [89, 254, 65, 65], [211, 173, 63, 63], [376, 194, 63, 63], [126, 155, 69, 69], [299, 108, 76, 76]]}, {"min_neighbors": 5, "scale": 1.3, "faces": [[304, 251, 62, 62], [89, 254, 65, 65], [211, 173, 63, 63], [126, 155, 69, 69], [223, 72, 62, 62], [299, 108, 76, 76]]}, {"min_neighbors": 6, "scale": 1.3, "faces": [[211, 173, 63, 63], [126, 155, 69, 69], [304, 251, 62, 62], [89, 254, 65, 65], [223, 72, 62, 62], [299, 108, 76, 76]]}], "tahoe-and-rich.gif": [{"min_neighbors": 3, "scale": 1.1, "faces": []}, {"min_neighbors": 4, "scale": 1.1, "faces": []}, {"min_neighbors": 5, "scale": 1.1, "faces": []}, {"min_neighbors": 6, "scale": 1.1, "faces": []}, {"min_neighbors": 3, "scale": 1.3, "faces": []}, {"min_neighbors": 4, "scale": 1.3, "faces": []}, {"min_neighbors": 5, "scale": 1.3, "faces": []}, {"min_neighbors": 6, "scale": 1.3, "faces": []}], "people.gif": [{"min_neighbors": 3, "scale": 1.1, "faces": [[326, 116, 36, 36], [322, 235, 47, 47], [530, 84, 45, 45], [465, 102, 46, 46], [253, 87, 50, 50], [614, 109, 52, 52], [491, 238, 54, 54], [188, 197, 60, 60]]}, {"min_neighbors": 4, "scale": 1.1, "faces": [[326, 116, 36, 36], [322, 235, 47, 47], [530, 84, 45, 45], [465, 102, 46, 46], [253, 87, 50, 50], [614, 109, 52, 52], [491, 238, 54, 54], [188, 197, 60, 60]]}, {"min_neighbors": 5, "scale": 1.1, "faces": [[322, 235, 47, 47], [530, 84, 45, 45], [465, 102, 46, 46], [253, 87, 50, 50], [614, 109, 52, 52], [491, 238, 54, 54], [188, 197, 60, 60]]}, {"min_neighbors": 6, "scale": 1.1, "faces": [[322, 235, 47, 47], [530, 84, 45, 45], [465, 102, 46, 46], [253, 87, 50, 50], [614, 109, 52, 52], [491, 238, 54, 54], [188, 197, 60, 60]]}, {"min_neighbors": 3, "scale": 1.3, "faces": [[530, 84, 47, 47], [253, 86, 51, 51], [321, 235, 48, 48], [464, 100, 51, 51], [616, 112, 47, 47], [189, 199, 57, 57], [491, 238, 53, 53]]}, {"min_neighbors": 4, "scale": 1.3, "faces": [[321, 235, 48, 48], [253, 86, 51, 51], [464, 100, 51, 51], [189, 199, 57, 57], [491, 238, 53, 53]]}, {"min_neighbors": 5, "scale": 1.3, "faces": [[464, 100, 51, 51], [321, 235, 48, 48], [189, 199, 57, 57], [491, 238, 53, 53]]}, {"min_neighbors": 6, "scale": 1.3, "faces": [[321, 235, 48, 48], [464, 100, 51, 51], [189, 199, 57, 57], [491, 238, 53, 53]]}], "England.gif": [{"min_neighbors": 3, "scale": 1.1, "faces": [[206, 62, 35, 35], [107, 69, 33, 33], [22, 218, 41, 41], [306, 46, 38, 38], [531, 237, 44, 44], [417, 35, 38, 38], [246, 228, 49, 49], [139, 232, 48, 48], [394, 233, 53, 53], [528, 58, 49, 49]]}, {"min_neighbors": 4, "scale": 1.1, "faces": [[206, 62, 35, 35], [107, 69, 33, 33], [306, 46, 38, 38], [22, 218, 41, 41], [531, 237, 44, 44], [417, 35, 38, 38], [246, 228, 49, 49], [139, 232, 48, 48], [394, 233, 53, 53], [528, 58, 49, 49]]}, {"min_neighbors": 5, "scale": 1.1, "faces": [[206, 62, 35, 35], [107, 69, 33, 33], [22, 218, 41, 41], [531, 237, 44, 44], [306, 46, 38, 38], [417, 35, 38, 38], [246, 228, 49, 49], [139, 232, 48, 48], [528, 58, 49, 49], [394, 233, 53, 53]]}, {"min_neighbors": 6, "scale": 1.1, "faces": [[206, 62, 35, 35], [107, 69, 33, 33], [306, 46, 38, 38], [22, 218, 41, 41], [531, 237, 44, 44], [417, 35, 38, 38], [246, 228, 49, 49], [139, 232, 48, 48], [528, 58, 49, 49], [394, 233, 53, 53]]}, {"min_neighbors": 3, "scale": 1.3, "faces": [[22, 219, 38, 38], [105, 69, 35, 35], [395, 233, 52, 52], [530, 237, 49, 49], [243, 229, 53, 53]]}, {"min_neighbors": 4, "scale": 1.3, "faces": [[105, 69, 35, 35], [395, 233, 52, 52], [530, 237, 49, 49], [243, 229, 53, 53]]}, {"min_neighbors": 5, "scale": 1.3, "faces": [[395, 233, 52, 52], [530, 237, 49, 49], [243, 229, 53, 53]]}, {"min_neighbors": 6, "scale": 1.3, "faces": [[395, 233, 52, 52], [243, 229, 53, 53]]}], "cards-perp-sml.gif": [{"min_neighbors": 3, "scale": 1.1, "faces": [[228, 146, 30, 30], [153, 147, 30, 30]]}, {"min_neighbors": 4, "scale": 1.1, "faces": [[153, 147, 30, 30]]}, {"min_neighbors": 5, "scale": 1.1, "faces": []}, {"min_neighbors": 6, "scale": 1.1, "faces": []}, {"min_neighbors": 3, "scale": 1.3, "faces": []}, {"min_neighbors": 4, "scale": 1.3, "faces": []}, {"min_neighbors": 5, "scale": 1.3, "faces": []}, {"min_neighbors": 6, "scale": 1.3, "faces": []}], "life2100.gif": [{"min_neighbors": 3, "scale": 1.1, "faces": [[56, 143, 27, 27], [108, 42, 56, 56]]}, {"min_neighbors": 4, "scale": 1.1, "faces": [[56, 143, 27, 27], [108, 42, 56, 56]]}, {"min_neighbors": 5, "scale": 1.1, "faces": [[56, 143, 27, 27], [108, 42, 56, 56]]}, {"min_neighbors": 6, "scale": 1.1, "faces": [[56, 143, 27, 27]]}, {"min_neighbors": 3, "scale": 1.3, "faces": []}, {"min_neighbors": 4, "scale": 1.3, "faces": []}, {"min_neighbors": 5, "scale": 1.3, "faces": []}, {"min_neighbors": 6, "scale": 1.3, "faces": []}], "divinci-man1.gif": [{"min_neighbors": 3, "scale": 1.1, "faces": [[272, 180, 52, 52]]}, {"min_neighbors": 4, "scale": 1.1, "faces": [[272, 180, 52, 52]]}, {"min_neighbors": 5, "scale": 1.1, "faces": [[272, 180, 52, 52]]}, {"min_neighbors": 6, "scale": 1.1, "faces": [[272, 180, 52, 52]]}, {"min_neighbors": 3, "scale": 1.3, "faces": [[272, 180, 50, 50]]}, {"min_neighbors": 4, "scale": 1.3, "faces": [[272, 180, 50, 50]]}, {"min_neighbors": 5, "scale": 1.3, "faces": [[272, 180, 50, 50]]}, {"min_neighbors": 6, "scale": 1.3, "faces": [[272, 180, 50, 50]]}], "bttf301.gif": [{"min_neighbors": 3, "scale": 1.1, "faces": [[454, 68, 54, 54], [208, 98, 53, 53], [62, 23, 58, 58], [502, 120, 54, 54], [130, 88, 58, 58], [321, 38, 61, 61]]}, {"min_neighbors": 4, "scale": 1.1, "faces": [[454, 68, 54, 54], [208, 98, 53, 53], [62, 23, 58, 58], [130, 88, 58, 58], [502, 120, 54, 54], [321, 38, 61, 61]]}, {"min_neighbors": 5, "scale": 1.1, "faces": [[454, 68, 54, 54], [208, 98, 53, 53], [502, 120, 54, 54], [130, 88, 58, 58], [62, 23, 58, 58], [321, 38, 61, 61]]}, {"min_neighbors": 6, "scale": 1.1, "faces": [[454, 68, 54, 54], [208, 98, 53, 53], [62, 23, 58, 58], [502, 120, 54, 54], [130, 88, 58, 58], [321, 38, 61, 61]]}, {"min_neighbors": 3, "scale": 1.3, "faces": [[62, 24, 57, 57], [322, 38, 61, 61], [458, 70, 50, 50], [503, 120, 54, 54], [130, 88, 59, 59], [209, 99, 53, 53]]}, {"min_neighbors": 4, "scale": 1.3, "faces": [[62, 24, 57, 57], [322, 38, 61, 61], [130, 88, 59, 59], [503, 120, 54, 54], [209, 99, 53, 53]]}, {"min_neighbors": 5, "scale": 1.3, "faces": [[130, 88, 59, 59], [62, 24, 57, 57], [322, 38, 61, 61], [209, 99, 53, 53]]}, {"min_neighbors": 6, "scale": 1.3, "faces": [[130, 88, 59, 59], [62, 24, 57, 57], [322, 38, 61, 61], [209, 99, 53, 53]]}], "J-L_Picard.Baldy.gif": [{"min_neighbors": 3, "scale": 1.1, "faces": []}, {"min_neighbors": 4, "scale": 1.1, "faces": []}, {"min_neighbors": 5, "scale": 1.1, "faces": []}, {"min_neighbors": 6, "scale": 1.1, "faces": []}, {"min_neighbors": 3, "scale": 1.3, "faces": []}, {"min_neighbors": 4, "scale": 1.3, "faces": []}, {"min_neighbors": 5, "scale": 1.3, "faces": []}, {"min_neighbors": 6, "scale": 1.3, "faces": []}], "oksana1.gif": [{"min_neighbors": 3, "scale": 1.1, "faces": [[101, 58, 39, 39]]}, {"min_neighbors": 4, "scale": 1.1, "faces": []}, {"min_neighbors": 5, "scale": 1.1, "faces": []}, {"min_neighbors": 6, "scale": 1.1, "faces": []}, {"min_neighbors": 3, "scale": 1.3, "faces": []}, {"min_neighbors": 4, "scale": 1.3, "faces": []}, {"min_neighbors": 5, "scale": 1.3, "faces": []}, {"min_neighbors": 6, "scale": 1.3, "faces": []}], "cnn2600.gif": [{"min_neighbors": 3, "scale": 1.1, "faces": [[116, 51, 87, 87]]}, {"min_neighbors": 4, "scale": 1.1, "faces": [[116, 51, 87, 87]]}, {"min_neighbors": 5, "scale": 1.1, "faces": [[116, 51, 87, 87]]}, {"min_neighbors": 6, "scale": 1.1, "faces": [[116, 51, 87, 87]]}, {"min_neighbors": 3, "scale": 1.3, "faces": [[116, 51, 88, 88]]}, {"min_neighbors": 4, "scale": 1.3, "faces": [[116, 51, 88, 88]]}, {"min_neighbors": 5, "scale": 1.3, "faces": [[116, 51, 88, 88]]}, {"min_neighbors": 6, "scale": 1.3, "faces": [[116, 51, 88, 88]]}], "crimson.gif": [{"min_neighbors": 3, "scale": 1.1, "faces": [[298, 522, 94, 94], [78, 200, 452, 452]]}, {"min_neighbors": 4, "scale": 1.1, "faces": [[298, 522, 94, 94]]}, {"min_neighbors": 5, "scale": 1.1, "faces": [[298, 522, 94, 94]]}, {"min_neighbors": 6, "scale": 1.1, "faces": []}, {"min_neighbors": 3, "scale": 1.3, "faces": []}, {"min_neighbors": 4, "scale": 1.3, "faces": []}, {"min_neighbors": 5, "scale": 1.3, "faces": []}, {"min_neighbors": 6, "scale": 1.3, "faces": []}], "ysato.gif": [{"min_neighbors": 3, "scale": 1.1, "faces": [[62, 58, 76, 76]]}, {"min_neighbors": 4, "scale": 1.1, "faces": [[62, 58, 76, 76]]}, {"min_neighbors": 5, "scale": 1.1, "faces": [[62, 58, 76, 76]]}, {"min_neighbors": 6, "scale": 1.1, "faces": [[62, 58, 76, 76]]}, {"min_neighbors": 3, "scale": 1.3, "faces": [[61, 59, 77, 77]]}, {"min_neighbors": 4, "scale": 1.3, "faces": [[61, 59, 77, 77]]}, {"min_neighbors": 5, "scale": 1.3, "faces": [[61, 59, 77, 77]]}, {"min_neighbors": 6, "scale": 1.3, "faces": [[61, 59, 77, 77]]}], "judybats.gif": [{"min_neighbors": 3, "scale": 1.1, "faces": [[366, 399, 36, 36], [616, 419, 64, 64], [23, 368, 80, 80], [403, 298, 117, 117], [63, 144, 264, 264]]}, {"min_neighbors": 4, "scale": 1.1, "faces": [[366, 399, 36, 36], [616, 419, 64, 64], [23, 368, 80, 80], [403, 298, 117, 117], [63, 144, 264, 264]]}, {"min_neighbors": 5, "scale": 1.1, "faces": [[616, 419, 64, 64], [23, 368, 80, 80], [403, 298, 117, 117], [63, 144, 264, 264]]}, {"min_neighbors": 6, "scale": 1.1, "faces": [[616, 419, 64, 64], [23, 368, 80, 80], [403, 298, 117, 117], [63, 144, 264, 264]]}, {"min_neighbors": 3, "scale": 1.3, "faces": [[618, 419, 63, 63], [21, 366, 83, 83], [403, 300, 115, 115]]}, {"min_neighbors": 4, "scale": 1.3, "faces": [[618, 419, 63, 63], [21, 366, 83, 83], [403, 300, 115, 115]]}, {"min_neighbors": 5, "scale": 1.3, "faces": [[618, 419, 63, 63], [21, 366, 83, 83], [403, 300, 115, 115]]}, {"min_neighbors": 6, "scale": 1.3, "faces": [[618, 419, 63, 63], [21, 366, 83, 83], [403, 300, 115, 115]]}], "sarah4.gif": [{"min_neighbors": 3, "scale": 1.1, "faces": [[62, 95, 207, 207]]}, {"min_neighbors": 4, "scale": 1.1, "faces": [[62, 95, 207, 207]]}, {"min_neighbors": 5, "scale": 1.1, "faces": [[62, 95, 207, 207]]}, {"min_neighbors": 6, "scale": 1.1, "faces": [[62, 95, 207, 207]]}, {"min_neighbors": 3, "scale": 1.3, "faces": [[62, 94, 212, 212]]}, {"min_neighbors": 4, "scale": 1.3, "faces": [[62, 94, 212, 212]]}, {"min_neighbors": 5, "scale": 1.3, "faces": [[62, 94, 212, 212]]}, {"min_neighbors": 6, "scale": 1.3, "faces": [[62, 94, 212, 212]]}], "life-dreams.gif": [{"min_neighbors": 3, "scale": 1.1, "faces": []}, {"min_neighbors": 4, "scale": 1.1, "faces": []}, {"min_neighbors": 5, "scale": 1.1, "faces": []}, {"min_neighbors": 6, "scale": 1.1, "faces": []}, {"min_neighbors": 3, "scale": 1.3, "faces": []}, {"min_neighbors": 4, "scale": 1.3, "faces": []}, {"min_neighbors": 5, "scale": 1.3, "faces": []}, {"min_neighbors": 6, "scale": 1.3, "faces": []}], "mickymouse-self-p.gif": [{"min_neighbors": 3, "scale": 1.1, "faces": [[410, 253, 43, 43], [508, 266, 158, 158]]}, {"min_neighbors": 4, "scale": 1.1, "faces": [[410, 253, 43, 43], [508, 266, 158, 158]]}, {"min_neighbors": 5, "scale": 1.1, "faces": [[410, 253, 43, 43], [508, 266, 158, 158]]}, {"min_neighbors": 6, "scale": 1.1, "faces": [[410, 253, 43, 43], [508, 266, 158, 158]]}, {"min_neighbors": 3, "scale": 1.3, "faces": [[520, 278, 131, 131]]}, {"min_neighbors": 4, "scale": 1.3, "faces": [[520, 278, 131, 131]]}, {"min_neighbors": 5, "scale": 1.3, "faces": [[520, 278, 131, 131]]}, {"min_neighbors": 6, "scale": 1.3, "faces": [[520, 278, 131, 131]]}], "rehg-thanksgiving-1994.gif": [{"min_neighbors": 3, "scale": 1.1, "faces": [[294, 119, 33, 33], [347, 83, 36, 36], [159, 157, 38, 38], [214, 76, 37, 37], [114, 84, 40, 40]]}, {"min_neighbors": 4, "scale": 1.1, "faces": [[159, 157, 38, 38], [347, 83, 36, 36], [214, 76, 37, 37], [114, 84, 40, 40]]}, {"min_neighbors": 5, "scale": 1.1, "faces": [[159, 157, 38, 38], [347, 83, 36, 36], [214, 76, 37, 37], [114, 84, 40, 40]]}, {"min_neighbors": 6, "scale": 1.1, "faces": [[347, 83, 36, 36], [159, 157, 38, 38], [214, 76, 37, 37], [114, 84, 40, 40]]}, {"min_neighbors": 3, "scale": 1.3, "faces": []}, {"min_neighbors": 4, "scale": 1.3, "faces": []}, {"min_neighbors": 5, "scale": 1.3, "faces": []}, {"min_neighbors": 6, "scale": 1.3, "faces": []}], "Colombia.gif": [{"min_neighbors": 3, "scale": 1.1, "faces": [[436, 212, 31, 31], [220, 202, 41, 41], [324, 161, 49, 49]]}, {"min_neighbors": 4, "scale": 1.1, "faces": [[220, 202, 41, 41]]}, {"min_neighbors": 5, "scale": 1.1, "faces": []}, {"min_neighbors": 6, "scale": 1.1, "faces": []}, {"min_neighbors": 3, "scale": 1.3, "faces": []}, {"min_neighbors": 4, "scale": 1.3, "faces": []}, {"min_neighbors": 5, "scale": 1.3, "faces": []}, {"min_neighbors": 6, "scale": 1.3, "faces": []}], "hendrix2.gif": [{"min_neighbors": 3, "scale": 1.1, "faces": [[26, 41, 68, 68]]}, {"min_neighbors": 4, "scale": 1.1, "faces": [[26, 41, 68, 68]]}, {"min_neighbors": 5, "scale": 1.1, "faces": [[26, 41, 68, 68]]}, {"min_neighbors": 6, "scale": 1.1, "faces": [[26, 41, 68, 68]]}, {"min_neighbors": 3, "scale": 1.3, "faces": [[27, 41, 68, 68]]}, {"min_neighbors": 4, "scale": 1.3, "faces": [[27, 41, 68, 68]]}, {"min_neighbors": 5, "scale": 1.3, "faces": [[27, 41, 68, 68]]}, {"min_neighbors": 6, "scale": 1.3, "faces": [[27, 41, 68, 68]]}], "cnn2020.gif": [{"min_neighbors": 3, "scale": 1.1, "faces": [[82, 33, 141, 141]]}, {"min_neighbors": 4, "scale": 1.1, "faces": [[82, 33, 141, 141]]}, {"min_neighbors": 5, "scale": 1.1, "faces": [[82, 33, 141, 141]]}, {"min_neighbors": 6, "scale": 1.1, "faces": [[82, 33, 141, 141]]}, {"min_neighbors": 3, "scale": 1.3, "faces": [[75, 29, 151, 151]]}, {"min_neighbors": 4, "scale": 1.3, "faces": [[75, 29, 151, 151]]}, {"min_neighbors": 5, "scale": 1.3, "faces": [[75, 29, 151, 151]]}, {"min_neighbors": 6, "scale": 1.3, "faces": [[75, 29, 151, 151]]}], "knex42.gif": [{"min_neighbors": 3, "scale": 1.1, "faces": []}, {"min_neighbors": 4, "scale": 1.1, "faces": []}, {"min_neighbors": 5, "scale": 1.1, "faces": []}, {"min_neighbors": 6, "scale": 1.1, "faces": []}, {"min_neighbors": 3, "scale": 1.3, "faces": []}, {"min_neighbors": 4, "scale": 1.3, "faces": []}, {"min_neighbors": 5, "scale": 1.3, "faces": []}, {"min_neighbors": 6, "scale": 1.3, "faces": []}], "next.gif": [{"min_neighbors": 3, "scale": 1.1, "faces": [[174, 126, 38, 38], [132, 20, 34, 34], [210, 43, 28, 28], [265, 135, 38, 38], [65, 6, 36, 36], [82, 148, 38, 38], [148, 144, 96, 96]]}, {"min_neighbors": 4, "scale": 1.1, "faces": [[174, 126, 38, 38], [132, 20, 34, 34], [210, 43, 28, 28], [265, 135, 38, 38], [82, 148, 38, 38]]}, {"min_neighbors": 5, "scale": 1.1, "faces": [[174, 126, 38, 38], [132, 20, 34, 34], [210, 43, 28, 28], [265, 135, 38, 38], [82, 148, 38, 38]]}, {"min_neighbors": 6, "scale": 1.1, "faces": [[174, 126, 38, 38], [132, 20, 34, 34], [210, 43, 28, 28], [265, 135, 38, 38], [82, 148, 38, 38]]}, {"min_neighbors": 3, "scale": 1.3, "faces": [[132, 20, 36, 36], [80, 147, 41, 41], [266, 135, 38, 38], [150, 145, 89, 89]]}, {"min_neighbors": 4, "scale": 1.3, "faces": [[132, 20, 36, 36], [80, 147, 41, 41]]}, {"min_neighbors": 5, "scale": 1.3, "faces": [[132, 20, 36, 36]]}, {"min_neighbors": 6, "scale": 1.3, "faces": []}], "shumeet.gif": [{"min_neighbors": 3, "scale": 1.1, "faces": [[24, 26, 56, 56], [165, 75, 73, 73]]}, {"min_neighbors": 4, "scale": 1.1, "faces": [[24, 26, 56, 56], [165, 75, 73, 73]]}, {"min_neighbors": 5, "scale": 1.1, "faces": [[24, 26, 56, 56], [165, 75, 73, 73]]}, {"min_neighbors": 6, "scale": 1.1, "faces": [[165, 75, 73, 73]]}, {"min_neighbors": 3, "scale": 1.3, "faces": [[165, 75, 75, 75]]}, {"min_neighbors": 4, "scale": 1.3, "faces": [[165, 75, 75, 75]]}, {"min_neighbors": 5, "scale": 1.3, "faces": [[165, 75, 75, 75]]}, {"min_neighbors": 6, "scale": 1.3, "faces": [[165, 75, 75, 75]]}], "hendrix1-bigger.gif": [{"min_neighbors": 3, "scale": 1.1, "faces": [[377, 617, 32, 32], [639, 86, 32, 32], [115, 610, 38, 38], [698, 613, 39, 39], [48, 627, 33, 33], [381, 70, 29, 29], [380, 339, 30, 30], [62, 358, 31, 31], [695, 357, 37, 37], [636, 598, 47, 47], [574, 617, 44, 44], [638, 338, 50, 50], [118, 352, 43, 43], [570, 357, 49, 49], [114, 57, 61, 61], [282, 564, 64, 64], [203, 613, 54, 54], [273, 630, 64, 64]]}, {"min_neighbors": 4, "scale": 1.1, "faces": [[377, 617, 32, 32], [639, 86, 32, 32], [380, 339, 30, 30], [62, 358, 31, 31], [115, 610, 38, 38], [48, 627, 33, 33], [698, 613, 39, 39], [695, 357, 37, 37], [638, 338, 50, 50], [118, 352, 43, 43], [636, 598, 47, 47], [574, 617, 44, 44], [570, 357, 49, 49], [114, 57, 61, 61], [282, 564, 64, 64], [273, 630, 64, 64]]}, {"min_neighbors": 5, "scale": 1.1, "faces": [[377, 617, 32, 32], [639, 86, 32, 32], [380, 339, 30, 30], [48, 627, 33, 33], [115, 610, 38, 38], [698, 613, 39, 39], [695, 357, 37, 37], [636, 598, 47, 47], [574, 617, 44, 44], [638, 338, 50, 50], [118, 352, 43, 43], [570, 357, 49, 49], [114, 57, 61, 61]]}, {"min_neighbors": 6, "scale": 1.1, "faces": [[377, 617, 32, 32], [639, 86, 32, 32], [115, 610, 38, 38], [698, 613, 39, 39], [48, 627, 33, 33], [380, 339, 30, 30], [695, 357, 37, 37], [638, 338, 50, 50], [118, 352, 43, 43], [636, 598, 47, 47], [574, 617, 44, 44], [570, 357, 49, 49], [114, 57, 61, 61]]}, {"min_neighbors": 3, "scale": 1.3, "faces": [[116, 351, 45, 45], [695, 357, 39, 39], [638, 85, 33, 33], [115, 611, 37, 37], [700, 613, 36, 36], [375, 616, 34, 34], [640, 339, 48, 48], [572, 357, 49, 49], [636, 597, 49, 49], [115, 58, 60, 60]]}, {"min_neighbors": 4, "scale": 1.3, "faces": [[116, 351, 45, 45], [695, 357, 39, 39], [638, 85, 33, 33], [115, 611, 37, 37], [700, 613, 36, 36], [640, 339, 48, 48], [572, 357, 49, 49], [636, 597, 49, 49], [115, 58, 60, 60]]}, {"min_neighbors": 5, "scale": 1.3, "faces": [[116, 351, 45, 45], [640, 339, 48, 48], [115, 611, 37, 37], [700, 613, 36, 36], [636, 597, 49, 49], [572, 357, 49, 49], [115, 58, 60, 60]]}, {"min_neighbors": 6, "scale": 1.3, "faces": [[116, 351, 45, 45], [115, 611, 37, 37], [640, 339, 48, 48], [636, 597, 49, 49], [572, 357, 49, 49], [115, 58, 60, 60]]}], "audrey2.gif": [{"min_neighbors": 3, "scale": 1.1, "faces": [[36, 117, 196, 196]]}, {"min_neighbors": 4, "scale": 1.1, "faces": [[36, 117, 196, 196]]}, {"min_neighbors": 5, "scale": 1.1, "faces": [[36, 117, 196, 196]]}, {"min_neighbors": 6, "scale": 1.1, "faces": [[36, 117, 196, 196]]}, {"min_neighbors": 3, "scale": 1.3, "faces": [[34, 117, 190, 190]]}, {"min_neighbors": 4, "scale": 1.3, "faces": [[34, 117, 190, 190]]}, {"min_neighbors": 5, "scale": 1.3, "faces": [[34, 117, 190, 190]]}, {"min_neighbors": 6, "scale": 1.3, "faces": [[34, 117, 190, 190]]}], "Germany.gif": [{"min_neighbors": 3, "scale": 1.1, "faces": [[581, 229, 42, 42], [437, 234, 48, 48], [454, 62, 42, 42], [349, 55, 47, 47], [113, 68, 49, 49], [145, 222, 44, 44], [292, 219, 47, 47], [23, 225, 39, 39], [15, 52, 44, 44], [563, 72, 44, 44], [230, 44, 41, 41]]}, {"min_neighbors": 4, "scale": 1.1, "faces": [[581, 229, 42, 42], [454, 62, 42, 42], [437, 234, 48, 48], [349, 55, 47, 47], [113, 68, 49, 49], [145, 222, 44, 44], [292, 219, 47, 47], [23, 225, 39, 39], [15, 52, 44, 44], [563, 72, 44, 44]]}, {"min_neighbors": 5, "scale": 1.1, "faces": [[581, 229, 42, 42], [454, 62, 42, 42], [437, 234, 48, 48], [349, 55, 47, 47], [113, 68, 49, 49], [145, 222, 44, 44], [292, 219, 47, 47], [15, 52, 44, 44], [23, 225, 39, 39], [563, 72, 44, 44]]}, {"min_neighbors": 6, "scale": 1.1, "faces": [[581, 229, 42, 42], [437, 234, 48, 48], [454, 62, 42, 42], [349, 55, 47, 47], [113, 68, 49, 49], [145, 222, 44, 44], [15, 52, 44, 44], [292, 219, 47, 47], [23, 225, 39, 39], [563, 72, 44, 44]]}, {"min_neighbors": 3, "scale": 1.3, "faces": [[348, 54, 49, 49], [144, 222, 47, 47], [292, 220, 47, 47], [578, 228, 47, 47], [438, 236, 48, 48], [112, 67, 51, 51], [14, 49, 48, 48], [562, 71, 47, 47]]}, {"min_neighbors": 4, "scale": 1.3, "faces": [[348, 54, 49, 49], [578, 228, 47, 47], [438, 236, 48, 48], [112, 67, 51, 51], [14, 49, 48, 48]]}, {"min_neighbors": 5, "scale": 1.3, "fa