{"aeon1a.gif": [{"min_neighbors": 3, "scale": 1.1, "faces": [[151, 75, 159, 159]]}, {"min_neighbors": 4, "scale": 1.1, "faces": [[151, 75, 159, 159]]}, {"min_neighbors": 5, "scale": 1.1, "faces": [[151, 75, 159, 159]]}, {"min_neighbors": 6, "scale": 1.1, "faces": [[151, 75, 159, 159]]}, {"min_neighbors": 3, "scale": 1.3, "faces": [[149, 73, 163, 163]]}, {"min_neighbors": 4, "scale": 1.3, "faces": []}, {"min_neighbors": 5, "scale": 1.3, "faces": []}, {"min_neighbors": 6, "scale": 1.3, "faces": []}], "speed.gif": [{"min_neighbors": 3, "scale": 1.1, "faces": [[31, 35, 42, 42]]}, {"min_neighbors": 4, "scale": 1.1, "faces": [[31, 35, 42, 42]]}, {"min_neighbors": 5, "scale": 1.1, "faces": [[31, 35, 42, 42]]}, {"min_neighbors": 6, "scale": 1.1, "faces": [[31, 35, 42, 42]]}, {"min_neighbors": 3, "scale": 1.3, "faces": [[30, 34, 44, 44]]}, {"min_neighbors": 4, "scale": 1.3, "faces": [[30, 34, 44, 44]]}, {"min_neighbors": 5, "scale": 1.3, "faces": [[30, 34, 44, 44]]}, {"min_neighbors": 6, "scale": 1.3, "faces": [[30, 34, 44, 44]]}], "wxm.gif": [{"min_neighbors": 3, "scale": 1.1, "faces": [[29, 18, 47, 47]]}, {"min_neighbors": 4, "scale": 1.1, "faces": [[29, 18, 47, 47]]}, {"min_neighbors": 5, "scale": 1.1, "faces": [[29, 18, 47, 47]]}, {"min_neighbors": 6, "scale": 1.1, "faces": [[29, 18, 47, 47]]}, {"min_neighbors": 3, "scale": 1.3, "faces": [[28, 16, 50, 50]]}, {"min_neighbors": 4, "scale": 1.3, "faces": [[28, 16, 50, 50]]}, {"min_neighbors": 5, "scale": 1.3, "faces": [[28, 16, 50, 50]]}, {"min_neighbors": 6, "scale": 1.3, "faces": [[28, 16, 50, 50]]}], "ew-friends.gif": [{"min_neighbors": 3, "scale": 1.1, "faces": [[153, 54, 29, 29], [122, 115, 31, 31], [157, 123, 35, 35], [190, 60, 35, 35], [117, 63, 37, 37], [205, 115, 30, 30]]}, {"min_neighbors": 4, "scale": 1.1, "faces": [[153, 54, 29, 29], [122, 115, 31, 31], [157, 123, 35, 35], [190, 60, 35, 35], [117, 63, 37, 37], [205, 115, 30, 30]]}, {"min_neighbors": 5, "scale": 1.1, "faces": [[153, 54, 29, 29], [190, 60, 35, 35], [117, 63, 37, 37], [122, 115, 31, 31], [157, 123, 35, 35]]}, {"min_neighbors": 6, "scale": 1.1, "faces": [[153, 54, 29, 29], [122, 115, 31, 31], [157, 123, 35, 35], [190, 60, 35, 35], [117, 63, 37, 37]]}, {"min_neighbors": 3, "scale": 1.3, "faces": [[116, 64, 37, 37], [123, 115, 30, 30], [152, 53, 30, 30], [188, 57, 41, 41], [157, 124, 34, 34]]}, {"min_neighbors": 4, "scale": 1.3, "faces": [[116, 64, 37, 37], [188, 57, 41, 41]]}, {"min_neighbors": 5, "scale": 1.3, "faces": [[116, 64, 37, 37], [188, 57, 41, 41]]}, {"min_neighbors": 6, "scale": 1.3, "faces": [[116, 64, 37, 37], [188, 57, 41, 41]]}], "bwolen.gif": [{"min_neighbors": 3, "scale": 1.1, "faces": [[5, 15, 50, 50]]}, {"min_neighbors": 4, "scale": 1.1, "faces": [[5, 15, 50, 50]]}, {"min_neighbors": 5, "scale": 1.1, "faces": []}, {"min_neighbors": 6, "scale": 1.1, "faces": []}, {"min_neighbors": 3, "scale": 1.3, "faces": []}, {"min_neighbors": 4, "scale": 1.3, "faces": []}, {"min_neighbors": 5, "scale": 1.3, "faces": []}, {"min_neighbors": 6, "scale": 1.3, "faces": []}], "plays.gif": [{"min_neighbors": 3, "scale": 1.1, "faces": [[396, 102, 37, 37], [321, 78, 44, 44], [13, 544, 122, 122]]}, {"min_neighbors": 4, "scale": 1.1, "faces": [[396, 102, 37, 37], [321, 78, 44, 44], [13, 544, 122, 122]]}, {"min_neighbors": 5, "scale": 1.1, "faces": [[396, 102, 37, 37], [321, 78, 44, 44], [13, 544, 122, 122]]}, {"min_neighbors": 6, "scale": 1.1, "faces": [[396, 102, 37, 37], [321, 78, 44, 44], [13, 544, 122, 122]]}, {"min_neighbors": 3, "scale": 1.3, "faces": [[320, 77, 45, 45], [13, 546, 121, 121]]}, {"min_neighbors": 4, "scale": 1.3, "faces": [[320, 77, 45, 45], [13, 546, 121, 121]]}, {"min_neighbors": 5, "scale": 1.3, "faces": [[320, 77, 45, 45], [13, 546, 121, 121]]}, {"min_neighbors": 6, "scale": 1.3, "faces": [[320, 77, 45, 45], [13, 546, 121, 121]]}], "Argentina.gif": [{"min_neighbors": 3, "scale": 1.1, "faces": [[226, 40, 41, 41], [430, 50, 39, 39], [124, 40, 42, 42], [328, 27, 43, 43], [519, 37, 42, 42], [277, 204, 45, 45], [534, 192, 41, 41], [144, 192, 48, 48], [30, 45, 44, 44], [41, 196, 44, 44], [397, 193, 44, 44]]}, {"min_neighbors": 4, "scale": 1.1, "faces": [[226, 40, 41, 41], [430, 50, 39, 39], [328, 27, 43, 43], [124, 40, 42, 42], [519, 37, 42, 42], [277, 204, 45, 45], [534, 192, 41, 41], [144, 192, 48, 48], [30, 45, 44, 44], [41, 196, 44, 44], [397, 193, 44, 44]]}, {"min_neighbors": 5, "scale": 1.1, "faces": [[226, 40, 41, 41], [430, 50, 39, 39], [328, 27, 43, 43], [124, 40, 42, 42], [519, 37, 42, 42], [277, 204, 45, 45], [534, 192, 41, 41], [144, 192, 48, 48], [30, 45, 44, 44], [41, 196, 44, 44], [397, 193, 44, 44]]}, {"min_neighbors": 6, "scale": 1.1, "faces": [[226, 40, 41, 41], [430, 50, 39, 39], [328, 27, 43, 43], [124, 40, 42, 42], [519, 37, 42, 42], [277, 204, 45, 45], [534, 192, 41, 41], [144, 192, 48, 48], [30, 45, 44, 44], [41, 196, 44, 44], [397, 193, 44, 44]]}, {"min_neighbors": 3, "scale": 1.3, "faces": [[125, 40, 41, 41], [227, 40, 40, 40], [42, 197, 42, 42], [277, 203, 45, 45], [520, 37, 42, 42], [328, 26, 45, 45], [31, 46, 43, 43], [430, 49, 40, 40], [534, 191, 43, 43], [144, 192, 48, 48], [398, 193, 44, 44]]}, {"min_neighbors": 4, "scale": 1.3, "faces": [[125, 40, 41, 41], [227, 40, 40, 40], [42, 197, 42, 42], [277, 203, 45, 45], [328, 26, 45, 45], [520, 37, 42, 42], [31, 46, 43, 43], [430, 49, 40, 40], [534, 191, 43, 43], [144, 192, 48, 48], [398, 193, 44, 44]]}, {"min_neighbors": 5, "scale": 1.3, "faces": [[125, 40, 41, 41], [227, 40, 40, 40], [42, 197, 42, 42], [277, 203, 45, 45], [328, 26, 45, 45], [520, 37, 42, 42], [31, 46, 43, 43], [430, 49, 40, 40], [534, 191, 43, 43], [144, 192, 48, 48], [398, 193, 44, 44]]}, {"min_neighbors": 6, "scale": 1.3, "faces": [[125, 40, 41, 41], [227, 40, 40, 40], [42, 197, 42, 42], [277, 203, 45, 45], [328, 26, 45, 45], [520, 37, 42, 42], [534, 191, 43, 43], [31, 46, 43, 43], [430, 49, 40, 40], [144, 192, 48, 48], [398, 193, 44, 44]]}], "ds9.gif": [{"min_neighbors": 3, "scale": 1.1, "faces": [[461, 100, 51, 51], [197, 30, 54, 54], [30, 107, 60, 60], [553, 118, 51, 51], [87, 17, 60, 60], [281, 57, 55, 55], [146, 89, 52, 52]]}, {"min_neighbors": 4, "scale": 1.1, "faces": [[461, 100, 51, 51], [30, 107, 60, 60], [553, 118, 51, 51], [197, 30, 54, 54], [87, 17, 60, 60], [281, 57, 55, 55], [146, 89, 52, 52]]}, {"min_neighbors": 5, "scale": 1.1, "faces": [[461, 100, 51, 51], [197, 30, 54, 54], [30, 107, 60, 60], [553, 118, 51, 51], [87, 17, 60, 60], [281, 57, 55, 55], [146, 89, 52, 52]]}, {"min_neighbors": 6, "scale": 1.1, "faces": [[461, 100, 51, 51], [197, 30, 54, 54], [30, 107, 60, 60], [553, 118, 51, 51], [87, 17, 60, 60], [281, 57, 55, 55], [146, 89, 52, 52]]}, {"min_neighbors": 3, "scale": 1.3, "faces": [[462, 100, 52, 52], [29, 107, 62, 62], [554, 118, 49, 49], [86, 16, 61, 61], [198, 31, 52, 52], [146, 87, 52, 52]]}, {"min_neighbors": 4, "scale": 1.3, "faces": [[86, 16, 61, 61], [462, 100, 52, 52], [146, 87, 52, 52], [198, 31, 52, 52], [29, 107, 62, 62], [554, 118, 49, 49]]}, {"min_neighbors": 5, "scale": 1.3, "faces": [[462, 100, 52, 52], [86, 16, 61, 61], [29, 107, 62, 62], [554, 118, 49, 49], [198, 31, 52, 52], [146, 87, 52, 52]]}, {"min_neighbors": 6, "scale": 1.3, "faces": [[86, 16, 61, 61], [462, 100, 52, 52], [198, 31, 52, 52], [29, 107, 62, 62], [554, 118, 49, 49], [146, 87, 52, 52]]}], "Arsenal.gif": [{"min_neighbors": 3, "scale": 1.1, "faces": [[122, 30, 42, 42], [447, 154, 45, 45], [63, 42, 42, 42], [178, 47, 45, 45], [267, 55, 44, 44], [302, 24, 49, 49], [45, 86, 44, 44], [160, 169, 48, 48], [427, 5, 51, 51], [541, 38, 47, 47], [237, 162, 46, 46], [302, 273, 64, 64]]}, {"min_neighbors": 4, "scale": 1.1, "faces": [[447, 154, 45, 45], [122, 30, 42, 42], [63, 42, 42, 42], [178, 47, 45, 45], [302, 24, 49, 49], [160, 169, 48, 48], [267, 55, 44, 44], [45, 86, 44, 44], [427, 5, 51, 51], [237, 162, 46, 46]]}, {"min_neighbors": 5, "scale": 1.1, "faces": [[122, 30, 42, 42], [447, 154, 45, 45], [63, 42, 42, 42], [178, 47, 45, 45], [267, 55, 44, 44], [302, 24, 49, 49], [45, 86, 44, 44], [160, 169, 48, 48], [427, 5, 51, 51], [237, 162, 46, 46]]}, {"min_neighbors": 6, "scale": 1.1, "faces": [[122, 30, 42, 42], [447, 154, 45, 45], [63, 42, 42, 42], [178, 47, 45, 45], [302, 24, 49, 49], [267, 55, 44, 44], [45, 86, 44, 44], [160, 169, 48, 48], [427, 5, 51, 51], [237, 162, 46, 46]]}, {"min_neighbors": 3, "scale": 1.3, "faces": [[429, 7, 48, 48], [303, 24, 47, 47], [122, 30, 42, 42], [448, 154, 44, 44], [45, 86, 43, 43], [160, 169, 47, 47], [237, 163, 44, 44], [63, 42, 44, 44], [179, 47, 44, 44]]}, {"min_neighbors": 4, "scale": 1.3, "faces": [[429, 7, 48, 48], [303, 24, 47, 47], [122, 30, 42, 42], [45, 86, 43, 43], [448, 154, 44, 44], [63, 42, 44, 44], [179, 47, 44, 44], [160, 169, 47, 47], [237, 163, 44, 44]]}, {"min_neighbors": 5, "scale": 1.3, "faces": [[303, 24, 47, 47], [429, 7, 48, 48], [122, 30, 42, 42], [45, 86, 43, 43], [448, 154, 44, 44], [160, 169, 47, 47], [237, 163, 44, 44]]}, {"min_neighbors": 6, "scale": 1.3, "faces": [[429, 7, 48, 48], [303, 24, 47, 47], [448, 154, 44, 44], [45, 86, 43, 43], [160, 169, 47, 47]]}], "married.gif": [{"min_neighbors": 3, "scale": 1.1, "faces": [[286, 48, 53, 53], [159, 32, 59, 59], [28, 82, 60, 60]]}, {"min_neighbors": 4, "scale": 1.1, "faces": [[286, 48, 53, 53], [159, 32, 59, 59], [28, 82, 60, 60]]}, {"min_neighbors": 5, "scale": 1.1, "faces": [[286, 48, 53, 53], [159, 32, 59, 59], [28, 82, 60, 60]]}, {"min_neighbors": 6, "scale": 1.1, "faces": [[286, 48, 53, 53], [159, 32, 59, 59], [28, 82, 60, 60]]}, {"min_neighbors": 3, "scale": 1.3, "faces": [[286, 48, 52, 52], [162, 35, 54, 54], [28, 82, 60, 60]]}, {"min_neighbors": 4, "scale": 1.3, "faces": [[162, 35, 54, 54], [286, 48, 52, 52], [28, 82, 60, 60]]}, {"min_neighbors": 5, "scale": 1.3, "faces": [[286, 48, 52, 52], [162, 35, 54, 54]]}, {"min_neighbors": 6, "scale": 1.3, "faces": [[286, 48, 52, 52], [162, 35, 54, 54]]}], "life7422.gif": [{"min_neighbors": 3, "scale": 1.1, "faces": []}, {"min_neighbors": 4, "scale": 1.1, "faces": []}, {"min_neighbors": 5, "scale": 1.1, "faces": []}, {"min_neighbors": 6, "scale": 1.1, "faces": []}, {"min_neighbors": 3, "scale": 1.3, "faces": []}, {"min_neighbors": 4, "scale": 1.3, "faces": []}, {"min_neighbors": 5, "scale": 1.3, "faces": []}, {"min_neighbors": 6, "scale": 1.3, "faces": []}], "clapton.gif": [{"min_neighbors": 3, "scale": 1.1, "faces": []}, {"min_neighbors": 4, "scale": 1.1, "faces": []}, {"min_neighbors": 5, "scale": 1.1, "faces": []}, {"min_neighbors": 6, "scale": 1.1, "faces": []}, {"min_neighbors": 3, "scale": 1.3, "faces": []}, {"min_neighbors": 4, "scale": 1.3, "faces": []}, {"min_neighbors": 5, "scale": 1.3, "faces": []}, {"min_neighbors": 6, "scale": 1.3, "faces": []}], "uprooted-tree.gif": [{"min_neighbors": 3, "scale": 1.1, "faces": []}, {"min_neighbors": 4, "scale": 1.1, "faces": []}, {"min_neighbors": 5, "scale": 1.1, "faces": []}, {"min_neighbors": 6, "scale": 1.1, "faces": []}, {"min_neighbors": 3, "scale": 1.3, "faces": []}, {"min_neighbors": 4, "scale": 1.3, "faces": []}, {"min_neighbors": 5, "scale": 1.3, "faces": []}, {"min_neighbors": 6, "scale": 1.3, "faces": []}], "original1.gif": [{"min_neighbors": 3, "scale": 1.1, "faces": [[115, 44, 24, 24], [313, 50, 24, 24], [372, 25, 28, 28], [24, 36, 31, 31], [194, 105, 30, 30], [314, 74, 38, 38], [154, 67, 30, 30], [83, 96, 34, 34]]}, {"min_neighbors": 4, "scale": 1.1, "faces": [[115, 44, 24, 24], [313, 50, 24, 24], [372, 25, 28, 28], [24, 36, 31, 31], [194, 105, 30, 30], [314, 74, 38, 38], [154, 67, 30, 30], [83, 96, 34, 34]]}, {"min_neighbors": 5, "scale": 1.1, "faces": [[313, 50, 24, 24], [115, 44, 24, 24], [372, 25, 28, 28], [24, 36, 31, 31], [194, 105, 30, 30], [314, 74, 38, 38], [154, 67, 30, 30], [83, 96, 34, 34]]}, {"min_neighbors": 6, "scale": 1.1, "faces": [[115, 44, 24, 24], [313, 50, 24, 24], [194, 105, 30, 30], [24, 36, 31, 31], [372, 25, 28, 28], [314, 74, 38, 38], [154, 67, 30, 30], [83, 96, 34, 34]]}, {"min_neighbors": 3, "scale": 1.3, "faces": [[314, 50, 23, 23], [314, 74, 37, 37], [24, 35, 33, 33]]}, {"min_neighbors": 4, "scale": 1.3, "faces": [[314, 74, 37, 37], [24, 35, 33, 33]]}, {"min_neighbors": 5, "scale": 1.3, "faces": [[24, 35, 33, 33], [314, 74, 37, 37]]}, {"min_neighbors": 6, "scale": 1.3, "faces": [[314, 74, 37, 37], [24, 35, 33, 33]]}], "voyager2.gif": [{"min_neighbors": 3, "scale": 1.1, "faces": [[336, 35, 66, 66], [417, 174, 71, 71], [253, 204, 65, 65], [40, 126, 77, 77], [325, 295, 76, 76], [513, 83, 73, 73], [138, 259, 78, 78], [502, 280, 81, 81], [150, 137, 79, 79]]}, {"min_neighbors": 4, "scale": 1.1, "faces": [[336, 35, 66, 66], [417, 174, 71, 71], [513, 83, 73, 73], [325, 295, 76, 76], [40, 126, 77, 77], [253, 204, 65, 65], [138, 259, 78, 78], [502, 280, 81, 81], [150, 137, 79, 79]]}, {"min_neighbors": 5, "scale": 1.1, "faces": [[336, 35, 66, 66], [417, 174, 71, 71], [325, 295, 76, 76], [40, 126, 77, 77], [513, 83, 73, 73], [253, 204, 65, 65], [138, 259, 78, 78], [502, 280, 81, 81], [150, 137, 79, 79]]}, {"min_neighbors": 6, "scale": 1.1, "faces": [[336, 35, 66, 66], [417, 174, 71, 71], [40, 126, 77, 77], [513, 83, 73, 73], [253, 204, 65, 65], [325, 295, 76, 76], [138, 259, 78, 78], [502, 280, 81, 81], [150, 137, 79, 79]]}, {"min_neighbors": 3, "scale": 1.3, "faces": [[336, 36, 64, 64], [255, 206, 62, 62], [515, 84, 69, 69], [150, 137, 78, 78], [419, 177, 66, 66], [503, 282, 79, 79], [40, 126, 76, 76], [137, 259, 80, 80], [326, 296, 75, 75]]}, {"min_neighbors": 4, "scale": 1.3, "faces": [[515, 84, 69, 69], [150, 137, 78, 78], [255, 206, 62, 62], [336, 36, 64, 64], [419, 177, 66, 66], [137, 259, 80, 80], [503, 282, 79, 79], [326, 296, 75, 75], [40, 126, 76, 76]]}, {"min_neighbors": 5, "scale": 1.3, "faces": [[255, 206, 62, 62], [336, 36, 64, 64], [515, 84, 69, 69], [150, 137, 78, 78], [419, 177, 66, 66], [40, 126, 76, 76], [137, 259, 80, 80], [503, 282, 79, 79], [326, 296, 75, 75]]}, {"min_neighbors": 6, "scale": 1.3, "faces": [[255, 206, 62, 62], [336, 36, 64, 64], [515, 84, 69, 69], [150, 137, 78, 78], [419, 177, 66, 66], [40, 126, 76, 76], [137, 259, 80, 80], [503, 282, 79, 79], [326, 296, 75, 75]]}], "original2.gif": [{"min_neighbors": 3, "scale": 1.1, "faces": [[268, 150, 78, 78], [36, 331, 88, 88], [336, 222, 89, 89], [451, 90, 80, 80], [111, 154, 90, 90], [544, 180, 90, 90], [178, 316, 92, 92]]}, {"min_neighbors": 4, "scale": 1.1, "faces": [[268, 150, 78, 78], [36, 331, 88, 88], [111, 154, 90, 90], [451, 90, 80, 80]]}, {"min_neighbors": 5, "scale": 1.1, "faces": [[268, 150, 78, 78], [36, 331, 88, 88], [451, 90, 80, 80], [111, 154, 90, 90]]}, {"min_neighbors": 6, "scale": 1.1, "faces": [[268, 150, 78, 78], [36, 331, 88, 88], [111, 154, 90, 90]]}, {"min_neighbors": 3, "scale": 1.3, "faces": [[37, 333, 87, 87], [270, 150, 74, 74], [546, 183, 86, 86], [108, 152, 97, 97]]}, {"min_neighbors": 4, "scale": 1.3, "faces": [[37, 333, 87, 87], [270, 150, 74, 74], [546, 183, 86, 86]]}, {"min_neighbors": 5, "scale": 1.3, "faces": [[37, 333, 87, 87], [546, 183, 86, 86]]}, {"min_neighbors": 6, "scale": 1.3, "faces": [[546, 183, 86, 86], [37, 333, 87, 87]]}], "john.coltrane.gif": [{"min_neighbors": 3, "scale": 1.1, "faces": [[48, 95, 178, 178]]}, {"min_neighbors": 4, "scale": 1.1, "faces": [[48, 95, 178, 178]]}, {"min_neighbors": 5, "scale": 1.1, "faces": [[48, 95, 178, 178]]}, {"min_neighbors": 6, "scale": 1.1, "faces": [[48, 95, 178, 178]]}, {"min_neighbors": 3, "scale": 1.3, "faces": [[52, 96, 172, 172]]}, {"min_neighbors": 4, "scale": 1.3, "faces": [[52, 96, 172, 172]]}, {"min_neighbors": 5, "scale": 1.3, "faces": [[52, 96, 172, 172]]}, {"min_neighbors": 6, "scale": 1.3, "faces": [[52, 96, 172, 172]]}], "tp-reza-girosi.gif": [{"min_neighbors": 3, "scale": 1.1, "faces": [[142, 17, 47, 47], [16, 35, 45, 45], [75, 44, 50, 50]]}, {"min_neighbors": 4, "scale": 1.1, "faces": [[142, 17, 47, 47], [16, 35, 45, 45], [75, 44, 50, 50]]}, {"min_neighbors": 5, "scale": 1.1, "faces": [[142, 17, 47, 47], [16, 35, 45, 45], [75, 44, 50, 50]]}, {"min_neighbors": 6, "scale": 1.1, "faces": [[142, 17, 47, 47], [16, 35, 45, 45], [75, 44, 50, 50]]}, {"min_neighbors": 3, "scale": 1.3, "faces": [[142, 17, 46, 46], [15, 34, 48, 48], [75, 45, 49, 49]]}, {"min_neighbors": 4, "scale": 1.3, "faces": [[142, 17, 46, 46], [15, 34, 48, 48], [75, 45, 49, 49]]}, {"min_neighbors": 5, "scale": 1.3, "faces": [[142, 17, 46, 46], [15, 34, 48, 48], [75, 45, 49, 49]]}, {"min_neighbors": 6, "scale": 1.3, "faces": [[142, 17, 46, 46], [15, 34, 48, 48], [75, 45, 49, 49]]}], "Ecuador.gif": [{"min_neighbors": 3, "scale": 1.1, "faces": [[370, 68, 35, 35], [534, 81, 32, 32], [573, 224, 36, 36], [323, 205, 35, 35], [72, 71, 36, 36], [170, 72, 36, 36], [0, 176, 35, 35], [101, 197, 42, 42], [271, 65, 40, 40], [449, 199, 41, 41], [202, 213, 42, 42]]}, {"min_neighbors": 4, "scale": 1.1, "faces": [[370, 68, 35, 35], [573, 224, 36, 36], [72, 71, 36, 36], [170, 72, 36, 36], [323, 205, 35, 35], [101, 197, 42, 42], [271, 65, 40, 40], [449, 199, 41, 41], [202, 213, 42, 42]]}, {"min_neighbors": 5, "scale": 1.1, "faces": [[370, 68, 35, 35], [573, 224, 36, 36], [72, 71, 36, 36], [170, 72, 36, 36], [101, 197, 42, 42], [449, 199, 41, 41], [271, 65, 40, 40], [202, 213, 42, 42]]}, {"min_neighbors": 6, "scale": 1.1, "faces": [[370, 68, 35, 35], [72, 71, 36, 36], [170, 72, 36, 36], [271, 65, 40, 40], [101, 197, 42, 42], [449, 199, 41, 41], [202, 213, 42, 42]]}, {"min_neighbors": 3, "scale": 1.3, "faces": [[101, 197, 42, 42], [366, 65, 41, 41], [201, 213, 42, 42], [269, 63, 44, 44], [448, 198, 44, 44]]}, {"min_neighbors": 4, "scale": 1.3, "faces": [[101, 197, 42, 42], [366, 65, 41, 41], [201, 213, 42, 42], [448, 198, 44, 44]]}, {"min_neighbors": 5, "scale": 1.3, "faces": [[366, 65, 41, 41], [101, 197, 42, 42]]}, {"min_neighbors": 6, "scale": 1.3, "faces": [[101, 197, 42, 42]]}], "tori-crucify.gif": [{"min_neighbors": 3, "scale": 1.1, "faces": [[124, 125, 114, 114]]}, {"min_neighbors": 4, "scale": 1.1, "faces": [[124, 125, 114, 114]]}, {"min_neighbors": 5, "scale": 1.1, "faces": [[124, 125, 114, 114]]}, {"min_neighbors": 6, "scale": 1.1, "faces": [[124, 125, 114, 114]]}, {"min_neighbors": 3, "scale": 1.3, "faces": [[122, 124, 116, 116]]}, {"min_neighbors": 4, "scale": 1.3, "faces": [[122, 124, 116, 116]]}, {"min_neighbors": 5, "scale": 1.3, "faces": [[122, 124, 116, 116]]}, {"min_neighbors": 6, "scale": 1.3, "faces": [[122, 124, 116, 116]]}], "audrybt1.gif": [{"min_neighbors": 3, "scale": 1.1, "faces": [[123, 32, 54, 54]]}, {"min_neighbors": 4, "scale": 1.1, "faces": [[123, 32, 54, 54]]}, {"min_neighbors": 5, "scale": 1.1, "faces": [[123, 32, 54, 54]]}, {"min_neighbors": 6, "scale": 1.1, "faces": [[123, 32, 54, 54]]}, {"min_neighbors": 3, "scale": 1.3, "faces": [[126, 34, 50, 50]]}, {"min_neighbors": 4, "scale": 1.3, "faces": [[126, 34, 50, 50]]}, {"min_neighbors": 5, "scale": 1.3, "faces": [[126, 34, 50, 50]]}, {"min_neighbors": 6, "scale": 1.3, "faces": [[126, 34, 50, 50]]}], "pittsburgh-park.gif": [{"min_neighbors": 3, "scale": 1.1, "faces": [[269, 229, 48, 48]]}, {"min_neighbors": 4, "scale": 1.1, "faces": [[269, 229, 48, 48]]}, {"min_neighbors": 5, "scale": 1.1, "faces": [[269, 229, 48, 48]]}, {"min_neighbors": 6, "scale": 1.1, "faces": []}, {"min_neighbors": 3, "scale": 1.3, "faces": []}, {"min_neighbors": 4, "scale": 1.3, "faces": []}, {"min_neighbors": 5, "scale": 1.3, "faces": []}, {"min_neighbors": 6, "scale": 1.3, "faces": []}], "torrance.gif": [{"min_neighbors": 3, "scale": 1.1, "faces": [[188, 74, 45, 45], [126, 60, 53, 53]]}, {"min_neighbors": 4, "scale": 1.1, "faces": [[188, 74, 45, 45], [126, 60, 53, 53]]}, {"min_neighbors": 5, "scale": 1.1, "faces": [[188, 74, 45, 45], [126, 60, 53, 53]]}, {"min_neighbors": 6, "scale": 1.1, "faces": [[188, 74, 45, 45], [126, 60, 53, 53]]}, {"min_neighbors": 3, "scale": 1.3, "faces": [[188, 74, 44, 44], [126, 60, 53, 53]]}, {"min_neighbors": 4, "scale": 1.3, "faces": [[188, 74, 44, 44], [126, 60, 53, 53]]}, {"min_neighbors": 5, "scale": 1.3, "faces": [[188, 74, 44, 44], [126, 60, 53, 53]]}, {"min_neighbors": 6, "scale": 1.3, "faces": [[188, 74, 44, 44], [126, 60, 53, 53]]}], "life-cover.gif": [{"min_neighbors": 3, "scale": 1.1, "faces": []}, {"min_neighbors": 4, "scale": 1.1, "faces": []}, {"min_neighbors": 5, "scale": 1.1, "faces": []}, {"min_neighbors": 6, "scale": 1.1, "faces": []}, {"min_neighbors": 3, "scale": 1.3, "faces": []}, {"min_neighbors": 4, "scale": 1.3, "faces": []}, {"min_neighbors": 5, "scale": 1.3, "faces": []}, {"min_neighbors": 6, "scale": 1.3, "faces": []}], "newsradio.gif": [{"min_neighbors": 3, "scale": 1.1, "faces": [[223, 73, 60, 60], [375, 196, 64, 64], [130, 158, 60, 60], [303, 252, 59, 59], [207, 170, 68, 68], [86, 252, 68, 68], [300, 112, 70, 70]]}, {"min_neighbors": 4, "scale": 1.1, "faces": [[223, 73, 60, 60], [375, 196, 64, 64], [130, 158, 60, 60], [303, 252, 59, 59], [207, 170, 68, 68], [300, 112, 70, 70], [86, 252, 68, 68]]}, {"min_neighbors": 5, "scale": 1.1, "faces": [[223, 73, 60, 60], [375, 196, 64, 64], [130, 158, 60, 60], [303, 252, 59, 59], [207, 170, 68, 68], [300, 112, 70, 70], [86, 252, 68, 68]]}, {"min_neighbors": 6, "scale": 1.1, "faces": [[223, 73, 60, 60], [375, 196, 64, 64], [130, 158, 60, 60], [303, 252, 59, 59], [207, 170, 68, 68], [300, 112, 70, 70], [86, 252, 68, 68]]}, {"min_neighbors": 3, "scale": 1.3, "faces": [[224, 73, 60, 60], [130, 158, 60, 60], [301, 113, 69, 69], [207, 170, 69, 69], [375, 195, 66, 66], [303, 250, 63, 63], [85, 252, 69, 69]]}, {"min_neighbors": 4, "scale": 1.3, "faces": [[224, 73, 60, 60], [130, 158, 60, 60], [303, 250, 63, 63], [85, 252, 69, 69], [301, 113, 69, 69], [207, 170, 69, 69], [375, 195, 66, 66]]}, {"min_neighbors": 5, "scale": 1.3, "faces": [[224, 73, 60, 60], [130, 158, 60, 60], [301, 113, 69, 69], [207, 170, 69, 69], [375, 195, 66, 66], [85, 252, 69, 69], [303, 250, 63, 63]]}, {"min_neighbors": 6, "scale": 1.3, "faces": [[224, 73, 60, 60], [130, 158, 60, 60], [301, 113, 69, 69], [207, 170, 69, 69], [303, 250, 63, 63], [85, 252, 69, 69]]}], "tahoe-and-rich.gif": [{"min_neighbors": 3, "scale": 1.1, "faces": []}, {"min_neighbors": 4, "scale": 1.1, "faces": []}, {"min_neighbors": 5, "scale": 1.1, "faces": []}, {"min_neighbors": 6, "scale": 1.1, "faces": []}, {"min_neighbors": 3, "scale": 1.3, "faces": []}, {"min_neighbors": 4, "scale": 1.3, "faces": []}, {"min_neighbors": 5, "scale": 1.3, "faces": []}, {"min_neighbors": 6, "scale": 1.3, "faces": []}], "people.gif": [{"min_neighbors": 3, "scale": 1.1, "faces": [[321, 234, 48, 48], [324, 112, 41, 41], [493, 240, 49, 49], [530, 84, 46, 46], [466, 102, 45, 45], [403, 102, 40, 40], [258, 90, 44, 44], [199, 92, 45, 45], [614, 109, 52, 52], [190, 199, 57, 57], [598, 221, 47, 47]]}, {"min_neighbors": 4, "scale": 1.1, "faces": [[321, 234, 48, 48], [493, 240, 49, 49], [324, 112, 41, 41], [530, 84, 46, 46], [466, 102, 45, 45], [258, 90, 44, 44], [199, 92, 45, 45], [403, 102, 40, 40], [614, 109, 52, 52], [190, 199, 57, 57], [598, 221, 47, 47]]}, {"min_neighbors": 5, "scale": 1.1, "faces": [[321, 234, 48, 48], [324, 112, 41, 41], [493, 240, 49, 49], [530, 84, 46, 46], [466, 102, 45, 45], [403, 102, 40, 40], [258, 90, 44, 44], [199, 92, 45, 45], [614, 109, 52, 52], [190, 199, 57, 57], [598, 221, 47, 47]]}, {"min_neighbors": 6, "scale": 1.1, "faces": [[321, 234, 48, 48], [324, 112, 41, 41], [493, 240, 49, 49], [466, 102, 45, 45], [530, 84, 46, 46], [258, 90, 44, 44], [403, 102, 40, 40], [199, 92, 45, 45], [614, 109, 52, 52], [190, 199, 57, 57], [598, 221, 47, 47]]}, {"min_neighbors": 3, "scale": 1.3, "faces": [[321, 234, 48, 48], [402, 101, 42, 42], [530, 84, 46, 46], [325, 113, 40, 40], [466, 101, 45, 45], [257, 89, 44, 44], [200, 92, 44, 44], [612, 108, 56, 56], [188, 198, 60, 60], [494, 240, 49, 49], [599, 224, 44, 44]]}, {"min_neighbors": 4, "scale": 1.3, "faces": [[530, 84, 46, 46], [321, 234, 48, 48], [325, 113, 40, 40], [466, 101, 45, 45], [257, 89, 44, 44], [200, 92, 44, 44], [188, 198, 60, 60], [612, 108, 56, 56], [494, 240, 49, 49]]}, {"min_neighbors": 5, "scale": 1.3, "faces": [[530, 84, 46, 46], [321, 234, 48, 48], [188, 198, 60, 60], [466, 101, 45, 45], [612, 108, 56, 56], [200, 92, 44, 44], [494, 240, 49, 49]]}, {"min_neighbors": 6, "scale": 1.3, "faces": [[321, 234, 48, 48], [530, 84, 46, 46], [188, 198, 60, 60], [466, 101, 45, 45], [494, 240, 49, 49], [200, 92, 44, 44]]}], "England.gif": [{"min_neighbors": 3, "scale": 1.1, "faces": [[14, 50, 36, 36], [201, 60, 41, 41], [396, 235, 48, 48], [533, 63, 39, 39], [104, 65, 39, 39], [248, 230, 46, 46], [141, 233, 44, 44], [304, 45, 41, 41], [414, 33, 43, 43], [531, 235, 46, 46], [18, 216, 45, 45], [562, 21, 58, 58]]}, {"min_neighbors": 4, "scale": 1.1, "faces": [[201, 60, 41, 41], [396, 235, 48, 48], [533, 63, 39, 39], [104, 65, 39, 39], [248, 230, 46, 46], [141, 233, 44, 44], [414, 33, 43, 43], [531, 235, 46, 46], [304, 45, 41, 41], [18, 216, 45, 45]]}, {"min_neighbors": 5, "scale": 1.1, "faces": [[201, 60, 41, 41], [396, 235, 48, 48], [533, 63, 39, 39], [104, 65, 39, 39], [248, 230, 46, 46], [141, 233, 44, 44], [414, 33, 43, 43], [531, 235, 46, 46], [304, 45, 41, 41], [18, 216, 45, 45]]}, {"min_neighbors": 6, "scale": 1.1, "faces": [[201, 60, 41, 41], [396, 235, 48, 48], [533, 63, 39, 39], [104, 65, 39, 39], [248, 230, 46, 46], [141, 233, 44, 44], [531, 235, 46, 46], [414, 33, 43, 43], [304, 45, 41, 41], [18, 216, 45, 45]]}, {"min_neighbors": 3, "scale": 1.3, "faces": [[305, 44, 43, 43], [532, 236, 45, 45], [203, 60, 40, 40], [16, 50, 36, 36], [534, 63, 38, 38], [102, 66, 42, 42], [247, 228, 49, 49], [141, 233, 44, 44], [413, 32, 44, 44], [19, 216, 44, 44], [396, 234, 48, 48]]}, {"min_neighbors": 4, "scale": 1.3, "faces": [[305, 44, 43, 43], [203, 60, 40, 40], [532, 236, 45, 45], [534, 63, 38, 38], [102, 66, 42, 42], [247, 228, 49, 49], [141, 233, 44, 44], [396, 234, 48, 48], [413, 32, 44, 44]]}, {"min_neighbors": 5, "scale": 1.3, "faces": [[305, 44, 43, 43], [203, 60, 40, 40], [532, 236, 45, 45], [102, 66, 42, 42], [247, 228, 49, 49], [141, 233, 44, 44], [396, 234, 48, 48]]}, {"min_neighbors": 6, "scale": 1.3, "faces": [[532, 236, 45, 45], [305, 44, 43, 43], [203, 60, 40, 40], [102, 66, 42, 42], [247, 228, 49, 49], [396, 234, 48, 48]]}], "cards-perp-sml.gif": [{"min_neighbors": 3, "scale": 1.1, "faces": [[142, 24, 28, 28], [153, 148, 29, 29], [230, 146, 30, 30], [202, 80, 31, 31], [62, 147, 34, 34]]}, {"min_neighbors": 4, "scale": 1.1, "faces": [[142, 24, 28, 28], [153, 148, 29, 29], [230, 146, 30, 30], [62, 147, 34, 34], [202, 80, 31, 31]]}, {"min_neighbors": 5, "scale": 1.1, "faces": [[230, 146, 30, 30], [202, 80, 31, 31], [62, 147, 34, 34]]}, {"min_neighbors": 6, "scale": 1.1, "faces": [[230, 146, 30, 30]]}, {"min_neighbors": 3, "scale": 1.3, "faces": [[148, 143, 40, 40]]}, {"min_neighbors": 4, "scale": 1.3, "faces": [[148, 143, 40, 40]]}, {"min_neighbors": 5, "scale": 1.3, "faces": []}, {"min_neighbors": 6, "scale": 1.3, "faces": []}], "life2100.gif": [{"min_neighbors": 3, "scale": 1.1, "faces": [[55, 144, 27, 27], [142, 179, 32, 32]]}, {"min_neighbors": 4, "scale": 1.1, "faces": [[55, 144, 27, 27], [142, 179, 32, 32]]}, {"min_neighbors": 5, "scale": 1.1, "faces": [[55, 144, 27, 27], [142, 179, 32, 32]]}, {"min_neighbors": 6, "scale": 1.1, "faces": [[142, 179, 32, 32]]}, {"min_neighbors": 3, "scale": 1.3, "faces": []}, {"min_neighbors": 4, "scale": 1.3, "faces": []}, {"min_neighbors": 5, "scale": 1.3, "faces": []}, {"min_neighbors": 6, "scale": 1.3, "faces": []}], "divinci-man1.gif": [{"min_neighbors": 3, "scale": 1.1, "faces": [[272, 180, 50, 50]]}, {"min_neighbors": 4, "scale": 1.1, "faces": [[272, 180, 50, 50]]}, {"min_neighbors": 5, "scale": 1.1, "faces": [[272, 180, 50, 50]]}, {"min_neighbors": 6, "scale": 1.1, "faces": [[272, 180, 50, 50]]}, {"min_neighbors": 3, "scale": 1.3, "faces": [[274, 181, 47, 47]]}, {"min_neighbors": 4, "scale": 1.3, "faces": [[274, 181, 47, 47]]}, {"min_neighbors": 5, "scale": 1.3, "faces": [[274, 181, 47, 47]]}, {"min_neighbors": 6, "scale": 1.3, "faces": [[274, 181, 47, 47]]}], "bttf301.gif": [{"min_neighbors": 3, "scale": 1.1, "faces": [[455, 68, 52, 52], [131, 90, 54, 54], [324, 41, 54, 54], [209, 99, 52, 52], [332, 109, 49, 49], [62, 23, 57, 57], [503, 120, 54, 54]]}, {"min_neighbors": 4, "scale": 1.1, "faces": [[455, 68, 52, 52], [131, 90, 54, 54], [324, 41, 54, 54], [209, 99, 52, 52], [62, 23, 57, 57], [503, 120, 54, 54]]}, {"min_neighbors": 5, "scale": 1.1, "faces": [[455, 68, 52, 52], [131, 90, 54, 54], [324, 41, 54, 54], [209, 99, 52, 52], [62, 23, 57, 57], [503, 120, 54, 54]]}, {"min_neighbors": 6, "scale": 1.1, "faces": [[455, 68, 52, 52], [324, 41, 54, 54], [131, 90, 54, 54], [209, 99, 52, 52], [62, 23, 57, 57], [503, 120, 54, 54]]}, {"min_neighbors": 3, "scale": 1.3, "faces": [[324, 41, 55, 55], [133, 91, 52, 52], [211, 100, 48, 48], [63, 23, 56, 56], [504, 120, 53, 53], [457, 69, 50, 50]]}, {"min_neighbors": 4, "scale": 1.3, "faces": [[133, 91, 52, 52], [211, 100, 48, 48], [63, 23, 56, 56], [324, 41, 55, 55], [457, 69, 50, 50], [504, 120, 53, 53]]}, {"min_neighbors": 5, "scale": 1.3, "faces": [[63, 23, 56, 56], [133, 91, 52, 52], [324, 41, 55, 55], [211, 100, 48, 48], [504, 120, 53, 53], [457, 69, 50, 50]]}, {"min_neighbors": 6, "scale": 1.3, "faces": [[133, 91, 52, 52], [211, 100, 48, 48], [63, 23, 56, 56], [324, 41, 55, 55], [504, 120, 53, 53], [457, 69, 50, 50]]}], "J-L_Picard.Baldy.gif": [{"min_neighbors": 3, "scale": 1.1, "faces": [[164, 61, 51, 51]]}, {"min_neighbors": 4, "scale": 1.1, "faces": [[164, 61, 51, 51]]}, {"min_neighbors": 5, "scale": 1.1, "faces": [[164, 61, 51, 51]]}, {"min_neighbors": 6, "scale": 1.1, "faces": []}, {"min_neighbors": 3, "scale": 1.3, "faces": []}, {"min_neighbors": 4, "scale": 1.3, "faces": []}, {"min_neighbors": 5, "scale": 1.3, "faces": []}, {"min_neighbors": 6, "scale": 1.3, "faces": []}], "oksana1.gif": [{"min_neighbors": 3, "scale": 1.1, "faces": [[158, 68, 31, 31], [96, 55, 47, 47], [179, 50, 50, 50]]}, {"min_neighbors": 4, "scale": 1.1, "faces": [[96, 55, 47, 47]]}, {"min_neighbors": 5, "scale": 1.1, "faces": [[96, 55, 47, 47]]}, {"min_neighbors": 6, "scale": 1.1, "faces": [[96, 55, 47, 47]]}, {"min_neighbors": 3, "scale": 1.3, "faces": [[97, 56, 46, 46]]}, {"min_neighbors": 4, "scale": 1.3, "faces": [[97, 56, 46, 46]]}, {"min_neighbors": 5, "scale": 1.3, "faces": [[97, 56, 46, 46]]}, {"min_neighbors": 6, "scale": 1.3, "faces": [[97, 56, 46, 46]]}], "cnn2600.gif": [{"min_neighbors": 3, "scale": 1.1, "faces": [[117, 54, 82, 82]]}, {"min_neighbors": 4, "scale": 1.1, "faces": [[117, 54, 82, 82]]}, {"min_neighbors": 5, "scale": 1.1, "faces": [[117, 54, 82, 82]]}, {"min_neighbors": 6, "scale": 1.1, "faces": [[117, 54, 82, 82]]}, {"min_neighbors": 3, "scale": 1.3, "faces": [[116, 53, 84, 84]]}, {"min_neighbors": 4, "scale": 1.3, "faces": [[116, 53, 84, 84]]}, {"min_neighbors": 5, "scale": 1.3, "faces": [[116, 53, 84, 84]]}, {"min_neighbors": 6, "scale": 1.3, "faces": [[116, 53, 84, 84]]}], "crimson.gif": [{"min_neighbors": 3, "scale": 1.1, "faces": [[145, 300, 335, 335]]}, {"min_neighbors": 4, "scale": 1.1, "faces": [[145, 300, 335, 335]]}, {"min_neighbors": 5, "scale": 1.1, "faces": [[145, 300, 335, 335]]}, {"min_neighbors": 6, "scale": 1.1, "faces": [[145, 300, 335, 335]]}, {"min_neighbors": 3, "scale": 1.3, "faces": [[135, 284, 354, 354]]}, {"min_neighbors": 4, "scale": 1.3, "faces": [[135, 284, 354, 354]]}, {"min_neighbors": 5, "scale": 1.3, "faces": [[135, 284, 354, 354]]}, {"min_neighbors": 6, "scale": 1.3, "faces": [[135, 284, 354, 354]]}], "ysato.gif": [{"min_neighbors": 3, "scale": 1.1, "faces": [[64, 60, 72, 72]]}, {"min_neighbors": 4, "scale": 1.1, "faces": [[64, 60, 72, 72]]}, {"min_neighbors": 5, "scale": 1.1, "faces": [[64, 60, 72, 72]]}, {"min_neighbors": 6, "scale": 1.1, "faces": [[64, 60, 72, 72]]}, {"min_neighbors": 3, "scale": 1.3, "faces": [[62, 58, 76, 76]]}, {"min_neighbors": 4, "scale": 1.3, "faces": [[62, 58, 76, 76]]}, {"min_neighbors": 5, "scale": 1.3, "faces": [[62, 58, 76, 76]]}, {"min_neighbors": 6, "scale": 1.3, "faces": [[62, 58, 76, 76]]}], "judybats.gif": [{"min_neighbors": 3, "scale": 1.1, "faces": [[364, 397, 41, 41], [618, 420, 62, 62], [23, 368, 80, 80], [399, 296, 124, 124], [78, 161, 235, 235]]}, {"min_neighbors": 4, "scale": 1.1, "faces": [[364, 397, 41, 41], [618, 420, 62, 62], [23, 368, 80, 80], [399, 296, 124, 124], [78, 161, 235, 235]]}, {"min_neighbors": 5, "scale": 1.1, "faces": [[364, 397, 41, 41], [618, 420, 62, 62], [23, 368, 80, 80], [399, 296, 124, 124], [78, 161, 235, 235]]}, {"min_neighbors": 6, "scale": 1.1, "faces": [[364, 397, 41, 41], [618, 420, 62, 62], [23, 368, 80, 80], [399, 296, 124, 124], [78, 161, 235, 235]]}, {"min_neighbors": 3, "scale": 1.3, "faces": [[364, 396, 42, 42], [618, 418, 64, 64], [23, 368, 80, 80], [398, 296, 124, 124], [72, 163, 238, 238]]}, {"min_neighbors": 4, "scale": 1.3, "faces": [[364, 396, 42, 42], [618, 418, 64, 64], [23, 368, 80, 80], [398, 296, 124, 124], [72, 163, 238, 238]]}, {"min_neighbors": 5, "scale": 1.3, "faces": [[364, 396, 42, 42], [618, 418, 64, 64], [23, 368, 80, 80], [398, 296, 124, 124], [72, 163, 238, 238]]}, {"min_neighbors": 6, "scale": 1.3, "faces": [[364, 396, 42, 42], [618, 418, 64, 64], [23, 368, 80, 80], [398, 296, 124, 124], [72, 163, 238, 238]]}], "sarah4.gif": [{"min_neighbors": 3, "scale": 1.1, "faces": [[65, 95, 202, 202]]}, {"min_neighbors": 4, "scale": 1.1, "faces": [[65, 95, 202, 202]]}, {"min_neighbors": 5, "scale": 1.1, "faces": [[65, 95, 202, 202]]}, {"min_neighbors": 6, "scale": 1.1, "faces": [[65, 95, 202, 202]]}, {"min_neighbors": 3, "scale": 1.3, "faces": [[67, 99, 198, 198]]}, {"min_neighbors": 4, "scale": 1.3, "faces": [[67, 99, 198, 198]]}, {"min_neighbors": 5, "scale": 1.3, "faces": [[67, 99, 198, 198]]}, {"min_neighbors": 6, "scale": 1.3, "faces": [[67, 99, 198, 198]]}], "life-dreams.gif": [{"min_neighbors": 3, "scale": 1.1, "faces": []}, {"min_neighbors": 4, "scale": 1.1, "faces": []}, {"min_neighbors": 5, "scale": 1.1, "faces": []}, {"min_neighbors": 6, "scale": 1.1, "faces": []}, {"min_neighbors": 3, "scale": 1.3, "faces": []}, {"min_neighbors": 4, "scale": 1.3, "faces": []}, {"min_neighbors": 5, "scale": 1.3, "faces": []}, {"min_neighbors": 6, "scale": 1.3, "faces": []}], "mickymouse-self-p.gif": [{"min_neighbors": 3, "scale": 1.1, "faces": [[410, 253, 41, 41], [509, 270, 152, 152]]}, {"min_neighbors": 4, "scale": 1.1, "faces": [[410, 253, 41, 41], [509, 270, 152, 152]]}, {"min_neighbors": 5, "scale": 1.1, "faces": [[410, 253, 41, 41], [509, 270, 152, 152]]}, {"min_neighbors": 6, "scale": 1.1, "faces": [[410, 253, 41, 41], [509, 270, 152, 152]]}, {"min_neighbors": 3, "scale": 1.3, "faces": [[410, 252, 44, 44], [514, 274, 144, 144]]}, {"min_neighbors": 4, "scale": 1.3, "faces": [[514, 274, 144, 144]]}, {"min_neighbors": 5, "scale": 1.3, "faces": [[514, 274, 144, 144]]}, {"min_neighbors": 6, "scale": 1.3, "faces": []}], "rehg-thanksgiving-1994.gif": [{"min_neighbors": 3, "scale": 1.1, "faces": [[287, 66, 36, 36], [214, 77, 36, 36], [345, 81, 41, 41], [289, 115, 40, 40], [113, 83, 43, 43], [404, 89, 37, 37], [158, 154, 41, 41]]}, {"min_neighbors": 4, "scale": 1.1, "faces": [[287, 66, 36, 36], [214, 77, 36, 36], [345, 81, 41, 41], [113, 83, 43, 43], [289, 115, 40, 40], [158, 154, 41, 41], [404, 89, 37, 37]]}, {"min_neighbors": 5, "scale": 1.1, "faces": [[287, 66, 36, 36], [214, 77, 36, 36], [345, 81, 41, 41], [289, 115, 40, 40], [113, 83, 43, 43], [404, 89, 37, 37], [158, 154, 41, 41]]}, {"min_neighbors": 6, "scale": 1.1, "faces": [[287, 66, 36, 36], [214, 77, 36, 36], [345, 81, 41, 41], [289, 115, 40, 40], [113, 83, 43, 43], [404, 89, 37, 37], [158, 154, 41, 41]]}, {"min_neighbors": 3, "scale": 1.3, "faces": [[345, 82, 39, 39], [157, 154, 42, 42], [113, 83, 41, 41], [402, 88, 40, 40], [288, 115, 42, 42]]}, {"min_neighbors": 4, "scale": 1.3, "faces": [[345, 82, 39, 39], [157, 154, 42, 42], [113, 83, 41, 41], [402, 88, 40, 40]]}, {"min_neighbors": 5, "scale": 1.3, "faces": [[345, 82, 39, 39], [157, 154, 42, 42], [113, 83, 41, 41]]}, {"min_neighbors": 6, "scale": 1.3, "faces": [[345, 82, 39, 39], [157, 154, 42, 42], [113, 83, 41, 41]]}], "Colombia.gif": [{"min_neighbors": 3, "scale": 1.1, "faces": [[144, 54, 42, 42], [220, 200, 43, 43], [492, 60, 43, 43], [325, 162, 47, 47], [546, 205, 44, 44], [440, 208, 46, 46]]}, {"min_neighbors": 4, "scale": 1.1, "faces": [[144, 54, 42, 42], [220, 200, 43, 43], [492, 60, 43, 43], [325, 162, 47, 47], [546, 205, 44, 44], [440, 208, 46, 46]]}, {"min_neighbors": 5, "scale": 1.1, "faces": [[144, 54, 42, 42], [220, 200, 43, 43], [492, 60, 43, 43], [325, 162, 47, 47], [546, 205, 44, 44], [440, 208, 46, 46]]}, {"min_neighbors": 6, "scale": 1.1, "faces": [[144, 54, 42, 42], [220, 200, 43, 43], [492, 60, 43, 43], [325, 162, 47, 47], [546, 205, 44, 44], [440, 208, 46, 46]]}, {"min_neighbors": 3, "scale": 1.3, "faces": [[221, 202, 41, 41], [492, 60, 43, 43], [142, 52, 46, 46], [325, 164, 44, 44], [441, 210, 44, 44], [546, 207, 44, 44]]}, {"min_neighbors": 4, "scale": 1.3, "faces": [[221, 202, 41, 41], [492, 60, 43, 43], [142, 52, 46, 46], [325, 164, 44, 44], [441, 210, 44, 44]]}, {"min_neighbors": 5, "scale": 1.3, "faces": [[492, 60, 43, 43], [221, 202, 41, 41], [142, 52, 46, 46], [441, 210, 44, 44]]}, {"min_neighbors": 6, "scale": 1.3, "faces": [[221, 202, 41, 41], [492, 60, 43, 43], [142, 52, 46, 46], [441, 210, 44, 44]]}], "hendrix2.gif": [{"min_neighbors": 3, "scale": 1.1, "faces": [[26, 41, 69, 69]]}, {"min_neighbors": 4, "scale": 1.1, "faces": [[26, 41, 69, 69]]}, {"min_neighbors": 5, "scale": 1.1, "faces": [[26, 41, 69, 69]]}, {"min_neighbors": 6, "scale": 1.1, "faces": [[26, 41, 69, 69]]}, {"min_neighbors": 3, "scale": 1.3, "faces": [[28, 44, 66, 66]]}, {"min_neighbors": 4, "scale": 1.3, "faces": [[28, 44, 66, 66]]}, {"min_neighbors": 5, "scale": 1.3, "faces": [[28, 44, 66, 66]]}, {"min_neighbors": 6, "scale": 1.3, "faces": [[28, 44, 66, 66]]}], "cnn2020.gif": [{"min_neighbors": 3, "scale": 1.1, "faces": [[84, 35, 137, 137]]}, {"min_neighbors": 4, "scale": 1.1, "faces": [[84, 35, 137, 137]]}, {"min_neighbors": 5, "scale": 1.1, "faces": [[84, 35, 137, 137]]}, {"min_neighbors": 6, "scale": 1.1, "faces": [[84, 35, 137, 137]]}, {"min_neighbors": 3, "scale": 1.3, "faces": [[81, 32, 141, 141]]}, {"min_neighbors": 4, "scale": 1.3, "faces": [[81, 32, 141, 141]]}, {"min_neighbors": 5, "scale": 1.3, "faces": [[81, 32, 141, 141]]}, {"min_neighbors": 6, "scale": 1.3, "faces": [[81, 32, 141, 141]]}], "knex42.gif": [{"min_neighbors": 3, "scale": 1.1, "faces": []}, {"min_neighbors": 4, "scale": 1.1, "faces": []}, {"min_neighbors": 5, "scale": 1.1, "faces": []}, {"min_neighbors": 6, "scale": 1.1, "faces": []}, {"min_neighbors": 3, "scale": 1.3, "faces": []}, {"min_neighbors": 4, "scale": 1.3, "faces": []}, {"min_neighbors": 5, "scale": 1.3, "faces": []}, {"min_neighbors": 6, "scale": 1.3, "faces": []}], "next.gif": [{"min_neighbors": 3, "scale": 1.1, "faces": [[130, 19, 37, 37], [209, 42, 30, 30], [173, 125, 41, 41], [265, 134, 39, 39], [78, 146, 43, 43], [64, 4, 39, 39]]}, {"min_neighbors": 4, "scale": 1.1, "faces": [[130, 19, 37, 37], [209, 42, 30, 30], [173, 125, 41, 41], [265, 134, 39, 39], [78, 146, 43, 43], [64, 4, 39, 39]]}, {"min_neighbors": 5, "scale": 1.1, "faces": [[130, 19, 37, 37], [209, 42, 30, 30], [173, 125, 41, 41], [265, 134, 39, 39], [78, 146, 43, 43], [64, 4, 39, 39]]}, {"min_neighbors": 6, "scale": 1.1, "faces": [[130, 19, 37, 37], [209, 42, 30, 30], [173, 125, 41, 41], [265, 134, 39, 39], [78, 146, 43, 43], [64, 4, 39, 39]]}, {"min_neighbors": 3, "scale": 1.3, "faces": [[127, 17, 40, 40], [78, 146, 44, 44], [173, 125, 41, 41], [264, 134, 41, 41]]}, {"min_neighbors": 4, "scale": 1.3, "faces": [[127, 17, 40, 40], [78, 146, 44, 44], [173, 125, 41, 41], [264, 134, 41, 41]]}, {"min_neighbors": 5, "scale": 1.3, "faces": [[127, 17, 40, 40], [78, 146, 44, 44], [173, 125, 41, 41], [264, 134, 41, 41]]}, {"min_neighbors": 6, "scale": 1.3, "faces": [[127, 17, 40, 40], [78, 146, 44, 44], [173, 125, 41, 41], [264, 134, 41, 41]]}], "shumeet.gif": [{"min_neighbors": 3, "scale": 1.1, "faces": [[165, 75, 73, 73]]}, {"mi