{"tommyrw.gif": [{"min_neighbors": 0, "scale": 1.1, "faces": [[86, 66, 39, 39], [84, 64, 43, 43], [86, 64, 43, 43], [88, 64, 43, 43], [84, 66, 43, 43], [86, 66, 43, 43], [83, 64, 47, 47], [85, 64, 47, 47], [83, 66, 47, 47], [85, 66, 47, 47], [78, 62, 52, 52], [80, 62, 52, 52], [80, 65, 52, 52], [77, 60, 57, 57], [80, 60, 57, 57], [77, 63, 57, 57]]}, {"min_neighbors": 1, "scale": 1.1, "faces": [[83, 64, 48, 48]]}, {"min_neighbors": 2, "scale": 1.1, "faces": [[83, 64, 48, 48]]}, {"min_neighbors": 3, "scale": 1.1, "faces": [[83, 64, 48, 48]]}, {"min_neighbors": 4, "scale": 1.1, "faces": [[83, 64, 48, 48]]}, {"min_neighbors": 5, "scale": 1.1, "faces": [[83, 64, 48, 48]]}, {"min_neighbors": 6, "scale": 1.1, "faces": [[83, 64, 48, 48]]}], "Colombia.gif": [{"min_neighbors": 0, "scale": 1.1, "faces": [[262, 374, 22, 22], [261, 44, 29, 29], [149, 59, 29, 29], [223, 208, 29, 29], [261, 42, 32, 32], [148, 58, 32, 32], [110, 216, 32, 32], [145, 57, 35, 35], [149, 57, 35, 35], [496, 64, 35, 35], [220, 206, 35, 35], [223, 206, 35, 35], [546, 209, 35, 35], [549, 209, 35, 35], [432, 213, 35, 35], [443, 213, 35, 35], [327, 164, 39, 39], [261, 39, 39, 39], [218, 203, 39, 39], [222, 203, 39, 39], [144, 55, 39, 39], [550, 207, 39, 39], [444, 210, 39, 39], [324, 163, 43, 43], [326, 163, 43, 43], [328, 163, 43, 43], [326, 165, 43, 43], [219, 199, 43, 43], [221, 199, 43, 43], [219, 201, 43, 43], [221, 201, 43, 43], [255, 39, 43, 43], [544, 204, 43, 43], [547, 204, 43, 43], [542, 206, 43, 43], [544, 206, 43, 43], [547, 206, 43, 43], [439, 208, 43, 43], [442, 208, 43, 43], [439, 210, 43, 43], [442, 210, 43, 43], [146, 54, 43, 43], [493, 58, 43, 43], [493, 60, 43, 43], [215, 198, 47, 47], [217, 198, 47, 47], [325, 160, 47, 47], [323, 163, 47, 47], [325, 163, 47, 47], [104, 207, 47, 47], [436, 207, 47, 47], [439, 207, 47, 47], [408, 104, 47, 47], [215, 197, 52, 52], [438, 202, 52, 52], [101, 205, 52, 52], [436, 205, 52, 52]]}, {"min_neighbors": 1, "scale": 1.1, "faces": [[147, 57, 36, 36], [219, 202, 41, 41], [494, 61, 40, 40], [546, 206, 40, 40], [440, 208, 44, 44], [258, 39, 41, 41], [326, 163, 44, 44], [102, 206, 50, 50]]}, {"min_neighbors": 2, "scale": 1.1, "faces": [[147, 57, 36, 36], [219, 202, 41, 41], [494, 61, 40, 40], [546, 206, 40, 40], [440, 208, 44, 44], [326, 163, 44, 44]]}, {"min_neighbors": 3, "scale": 1.1, "faces": [[147, 57, 36, 36], [219, 202, 41, 41], [546, 206, 40, 40], [440, 208, 44, 44], [326, 163, 44, 44]]}, {"min_neighbors": 4, "scale": 1.1, "faces": [[147, 57, 36, 36], [219, 202, 41, 41], [546, 206, 40, 40], [440, 208, 44, 44], [326, 163, 44, 44]]}, {"min_neighbors": 5, "scale": 1.1, "faces": [[147, 57, 36, 36], [219, 202, 41, 41], [546, 206, 40, 40], [440, 208, 44, 44], [326, 163, 44, 44]]}, {"min_neighbors": 6, "scale": 1.1, "faces": [[219, 202, 41, 41], [546, 206, 40, 40], [440, 208, 44, 44], [326, 163, 44, 44]]}], "judybats.gif": [{"min_neighbors": 0, "scale": 1.1, "faces": [[369, 401, 29, 29], [366, 398, 39, 39], [362, 394, 43, 43], [364, 394, 43, 43], [362, 397, 43, 43], [364, 397, 43, 43], [627, 424, 47, 47], [625, 427, 47, 47], [627, 427, 47, 47], [36, 379, 52, 52], [36, 381, 52, 52], [620, 423, 52, 52], [622, 423, 52, 52], [622, 425, 52, 52], [625, 425, 52, 52], [31, 379, 57, 57], [34, 379, 57, 57], [619, 419, 57, 57], [622, 419, 57, 57], [619, 422, 57, 57], [622, 422, 57, 57], [619, 425, 57, 57], [622, 425, 57, 57], [31, 373, 63, 63], [28, 377, 63, 63], [31, 377, 63, 63], [615, 417, 63, 63], [618, 417, 63, 63], [621, 417, 63, 63], [615, 421, 63, 63], [618, 421, 63, 63], [621, 421, 63, 63], [28, 369, 69, 69], [24, 373, 69, 69], [28, 373, 69, 69], [31, 373, 69, 69], [28, 376, 69, 69], [31, 376, 69, 69], [611, 414, 69, 69], [615, 414, 69, 69], [618, 414, 69, 69], [611, 418, 69, 69], [615, 418, 69, 69], [618, 418, 69, 69], [27, 365, 76, 76], [23, 368, 76, 76], [27, 368, 76, 76], [30, 368, 76, 76], [23, 372, 76, 76], [27, 372, 76, 76], [30, 372, 76, 76], [615, 410, 76, 76], [611, 414, 76, 76], [615, 414, 76, 76], [619, 414, 76, 76], [17, 363, 84, 84], [21, 363, 84, 84], [25, 363, 84, 84], [13, 368, 84, 84], [17, 368, 84, 84], [21, 368, 84, 84], [25, 368, 84, 84], [29, 368, 84, 84], [21, 372, 84, 84], [14, 358, 92, 92], [18, 358, 92, 92], [23, 358, 92, 92], [14, 363, 92, 92], [18, 363, 92, 92], [23, 363, 92, 92], [14, 368, 92, 92], [607, 409, 92, 92], [414, 303, 92, 92], [414, 308, 92, 92], [418, 308, 92, 92], [414, 312, 92, 92], [10, 354, 101, 101], [15, 354, 101, 101], [10, 359, 101, 101], [15, 359, 101, 101], [409, 298, 101, 101], [409, 303, 101, 101], [414, 303, 101, 101], [409, 308, 101, 101], [414, 308, 101, 101], [400, 295, 111, 111], [406, 295, 111, 111], [411, 295, 111, 111], [400, 300, 111, 111], [406, 300, 111, 111], [411, 300, 111, 111], [406, 306, 111, 111], [398, 294, 122, 122], [404, 294, 122, 122], [398, 300, 122, 122], [404, 300, 122, 122], [383, 289, 135, 135], [390, 289, 135, 135], [397, 289, 135, 135], [390, 296, 135, 135], [397, 296, 135, 135], [392, 281, 148, 148], [391, 285, 163, 163], [89, 167, 197, 197], [98, 167, 197, 197], [89, 177, 197, 197], [87, 163, 217, 217], [76, 173, 217, 217], [87, 173, 217, 217], [72, 155, 238, 238], [72, 167, 238, 238], [66, 144, 262, 262], [52, 157, 262, 262], [66, 157, 262, 262], [58, 130, 288, 288]]}, {"min_neighbors": 1, "scale": 1.1, "faces": [[364, 396, 42, 42], [618, 419, 63, 63], [24, 368, 79, 79], [404, 298, 116, 116], [76, 161, 233, 233]]}, {"min_neighbors": 2, "scale": 1.1, "faces": [[364, 396, 42, 42], [618, 419, 63, 63], [24, 368, 79, 79], [404, 298, 116, 116], [76, 161, 233, 233]]}, {"min_neighbors": 3, "scale": 1.1, "faces": [[364, 396, 42, 42], [618, 419, 63, 63], [24, 368, 79, 79], [404, 298, 116, 116], [76, 161, 233, 233]]}, {"min_neighbors": 4, "scale": 1.1, "faces": [[364, 396, 42, 42], [618, 419, 63, 63], [24, 368, 79, 79], [404, 298, 116, 116], [76, 161, 233, 233]]}, {"min_neighbors": 5, "scale": 1.1, "faces": [[618, 419, 63, 63], [24, 368, 79, 79], [404, 298, 116, 116], [76, 161, 233, 233]]}, {"min_neighbors": 6, "scale": 1.1, "faces": [[618, 419, 63, 63], [24, 368, 79, 79], [404, 298, 116, 116], [76, 161, 233, 233]]}], "voyager2.gif": [{"min_neighbors": 0, "scale": 1.1, "faces": [[200, 66, 22, 22], [209, 231, 22, 22], [158, 158, 29, 29], [261, 281, 39, 39], [345, 43, 43, 43], [347, 43, 43, 43], [264, 671, 43, 43], [344, 40, 47, 47], [342, 42, 47, 47], [344, 42, 47, 47], [153, 271, 47, 47], [127, 276, 47, 47], [516, 292, 47, 47], [340, 304, 47, 47], [340, 307, 47, 47], [340, 309, 47, 47], [526, 92, 47, 47], [528, 92, 47, 47], [526, 94, 47, 47], [424, 184, 47, 47], [167, 151, 47, 47], [262, 210, 47, 47], [262, 212, 47, 47], [259, 667, 47, 47], [257, 207, 52, 52], [259, 207, 52, 52], [262, 207, 52, 52], [257, 210, 52, 52], [259, 210, 52, 52], [262, 210, 52, 52], [340, 39, 52, 52], [342, 39, 52, 52], [345, 39, 52, 52], [337, 41, 52, 52], [340, 41, 52, 52], [342, 41, 52, 52], [150, 267, 52, 52], [153, 267, 52, 52], [524, 88, 52, 52], [527, 88, 52, 52], [511, 290, 52, 52], [514, 290, 52, 52], [516, 290, 52, 52], [521, 91, 52, 52], [524, 91, 52, 52], [527, 91, 52, 52], [516, 293, 52, 52], [514, 296, 52, 52], [335, 303, 52, 52], [337, 303, 52, 52], [337, 306, 52, 52], [423, 179, 52, 52], [425, 179, 52, 52], [54, 135, 52, 52], [52, 137, 52, 52], [423, 182, 52, 52], [425, 182, 52, 52], [423, 184, 52, 52], [425, 184, 52, 52], [425, 187, 52, 52], [161, 148, 52, 52], [163, 148, 52, 52], [259, 667, 52, 52], [340, 34, 57, 57], [334, 37, 57, 57], [337, 37, 57, 57], [340, 37, 57, 57], [342, 37, 57, 57], [337, 40, 57, 57], [340, 40, 57, 57], [342, 40, 57, 57], [148, 262, 57, 57], [143, 265, 57, 57], [146, 265, 57, 57], [151, 265, 57, 57], [143, 268, 57, 57], [146, 268, 57, 57], [519, 86, 57, 57], [522, 86, 57, 57], [516, 88, 57, 57], [519, 88, 57, 57], [522, 88, 57, 57], [516, 91, 57, 57], [519, 91, 57, 57], [508, 288, 57, 57], [511, 288, 57, 57], [514, 288, 57, 57], [508, 291, 57, 57], [49, 131, 57, 57], [511, 291, 57, 57], [514, 291, 57, 57], [51, 131, 57, 57], [511, 294, 57, 57], [514, 294, 57, 57], [511, 297, 57, 57], [46, 134, 57, 57], [49, 134, 57, 57], [51, 134, 57, 57], [334, 300, 57, 57], [331, 302, 57, 57], [334, 302, 57, 57], [337, 302, 57, 57], [331, 305, 57, 57], [334, 305, 57, 57], [334, 308, 57, 57], [160, 146, 57, 57], [163, 146, 57, 57], [157, 148, 57, 57], [160, 148, 57, 57], [163, 148, 57, 57], [419, 177, 57, 57], [422, 177, 57, 57], [417, 180, 57, 57], [419, 180, 57, 57], [422, 180, 57, 57], [425, 180, 57, 57], [417, 183, 57, 57], [419, 183, 57, 57], [422, 183, 57, 57], [422, 185, 57, 57], [254, 205, 57, 57], [257, 205, 57, 57], [260, 205, 57, 57], [254, 208, 57, 57], [257, 208, 57, 57], [257, 211, 57, 57], [257, 201, 63, 63], [251, 204, 63, 63], [254, 204, 63, 63], [257, 204, 63, 63], [254, 207, 63, 63], [333, 35, 63, 63], [336, 35, 63, 63], [339, 35, 63, 63], [342, 35, 63, 63], [336, 38, 63, 63], [339, 38, 63, 63], [342, 38, 63, 63], [336, 41, 63, 63], [144, 260, 63, 63], [141, 264, 63, 63], [144, 264, 63, 63], [148, 264, 63, 63], [144, 267, 63, 63], [518, 82, 63, 63], [521, 82, 63, 63], [518, 85, 63, 63], [521, 85, 63, 63], [524, 85, 63, 63], [518, 88, 63, 63], [521, 88, 63, 63], [524, 88, 63, 63], [505, 286, 63, 63], [518, 91, 63, 63], [508, 286, 63, 63], [521, 91, 63, 63], [512, 286, 63, 63], [515, 286, 63, 63], [508, 289, 63, 63], [512, 289, 63, 63], [508, 292, 63, 63], [512, 292, 63, 63], [512, 295, 63, 63], [330, 298, 63, 63], [333, 298, 63, 63], [336, 298, 63, 63], [330, 301, 63, 63], [333, 301, 63, 63], [336, 301, 63, 63], [330, 304, 63, 63], [333, 304, 63, 63], [44, 129, 63, 63], [47, 129, 63, 63], [50, 129, 63, 63], [44, 132, 63, 63], [47, 132, 63, 63], [50, 132, 63, 63], [44, 135, 63, 63], [47, 135, 63, 63], [50, 135, 63, 63], [157, 141, 63, 63], [157, 144, 63, 63], [160, 144, 63, 63], [157, 148, 63, 63], [160, 148, 63, 63], [417, 176, 63, 63], [421, 176, 63, 63], [424, 176, 63, 63], [417, 179, 63, 63], [421, 179, 63, 63], [424, 179, 63, 63], [417, 182, 63, 63], [421, 182, 63, 63], [424, 182, 63, 63], [328, 31, 69, 69], [331, 31, 69, 69], [335, 31, 69, 69], [328, 35, 69, 69], [331, 35, 69, 69], [335, 35, 69, 69], [338, 35, 69, 69], [331, 38, 69, 69], [335, 38, 69, 69], [338, 38, 69, 69], [511, 79, 69, 69], [514, 79, 69, 69], [511, 83, 69, 69], [514, 83, 69, 69], [518, 83, 69, 69], [511, 86, 69, 69], [514, 86, 69, 69], [518, 86, 69, 69], [514, 90, 69, 69], [518, 90, 69, 69], [142, 110, 69, 69], [142, 114, 69, 69], [41, 124, 69, 69], [45, 124, 69, 69], [48, 124, 69, 69], [249, 200, 69, 69], [252, 200, 69, 69], [38, 128, 69, 69], [41, 128, 69, 69], [45, 128, 69, 69], [48, 128, 69, 69], [249, 204, 69, 69], [252, 204, 69, 69], [38, 131, 69, 69], [41, 131, 69, 69], [45, 131, 69, 69], [48, 131, 69, 69], [41, 135, 69, 69], [155, 138, 69, 69], [159, 138, 69, 69], [152, 145, 69, 69], [155, 145, 69, 69], [152, 142, 69, 69], [155, 142, 69, 69], [159, 142, 69, 69], [155, 148, 69, 69], [504, 290, 69, 69], [507, 290, 69, 69], [321, 293, 69, 69], [325, 293, 69, 69], [328, 293, 69, 69], [331, 293, 69, 69], [507, 293, 69, 69], [321, 297, 69, 69], [325, 297, 69, 69], [328, 297, 69, 69], [331, 297, 69, 69], [321, 300, 69, 69], [325, 300, 69, 69], [328, 300, 69, 69], [331, 300, 69, 69], [142, 259, 69, 69], [145, 259, 69, 69], [411, 173, 69, 69], [414, 173, 69, 69], [418, 173, 69, 69], [325, 304, 69, 69], [328, 304, 69, 69], [135, 262, 69, 69], [138, 262, 69, 69], [142, 262, 69, 69], [145, 262, 69, 69], [411, 176, 69, 69], [414, 176, 69, 69], [418, 176, 69, 69], [421, 176, 69, 69], [135, 266, 69, 69], [138, 266, 69, 69], [142, 266, 69, 69], [411, 180, 69, 69], [414, 180, 69, 69], [418, 180, 69, 69], [421, 180, 69, 69], [142, 269, 69, 69], [504, 280, 69, 69], [507, 280, 69, 69], [504, 283, 69, 69], [507, 283, 69, 69], [511, 283, 69, 69], [504, 287, 69, 69], [507, 287, 69, 69], [511, 287, 69, 69], [247, 194, 76, 76], [247, 197, 76, 76], [251, 197, 76, 76], [247, 201, 76, 76], [327, 27, 76, 76], [330, 27, 76, 76], [327, 30, 76, 76], [330, 30, 76, 76], [334, 30, 76, 76], [327, 34, 76, 76], [330, 34, 76, 76], [334, 34, 76, 76], [327, 38, 76, 76], [330, 38, 76, 76], [137, 254, 76, 76], [141, 254, 76, 76], [137, 258, 76, 76], [141, 258, 76, 76], [133, 262, 76, 76], [137, 262, 76, 76], [141, 262, 76, 76], [509, 76, 76, 76], [144, 262, 76, 76], [513, 76, 76, 76], [516, 76, 76, 76], [505, 80, 76, 76], [141, 266, 76, 76], [509, 80, 76, 76], [513, 80, 76, 76], [516, 80, 76, 76], [505, 84, 76, 76], [509, 84, 76, 76], [513, 84, 76, 76], [516, 84, 76, 76], [520, 84, 76, 76], [497, 277, 76, 76], [513, 277, 76, 76], [513, 87, 76, 76], [497, 281, 76, 76], [501, 281, 76, 76], [505, 281, 76, 76], [509, 281, 76, 76], [497, 285, 76, 76], [501, 285, 76, 76], [505, 285, 76, 76], [509, 285, 76, 76], [323, 289, 76, 76], [327, 289, 76, 76], [505, 289, 76, 76], [319, 292, 76, 76], [323, 292, 76, 76], [327, 292, 76, 76], [330, 292, 76, 76], [315, 296, 76, 76], [319, 296, 76, 76], [323, 296, 76, 76], [38, 122, 76, 76], [327, 296, 76, 76], [42, 122, 76, 76], [330, 296, 76, 76], [34, 125, 76, 76], [319, 300, 76, 76], [38, 125, 76, 76], [323, 300, 76, 76], [42, 125, 76, 76], [327, 300, 76, 76], [46, 125, 76, 76], [34, 129, 76, 76], [38, 129, 76, 76], [42, 129, 76, 76], [46, 129, 76, 76], [38, 133, 76, 76], [42, 133, 76, 76], [148, 133, 76, 76], [152, 133, 76, 76], [148, 137, 76, 76], [152, 137, 76, 76], [148, 141, 76, 76], [152, 141, 76, 76], [156, 141, 76, 76], [152, 144, 76, 76], [410, 167, 76, 76], [414, 167, 76, 76], [418, 167, 76, 76], [410, 171, 76, 76], [414, 171, 76, 76], [418, 171, 76, 76], [422, 171, 76, 76], [406, 175, 76, 76], [410, 175, 76, 76], [414, 175, 76, 76], [418, 175, 76, 76], [422, 175, 76, 76], [322, 25, 84, 84], [326, 25, 84, 84], [330, 25, 84, 84], [322, 29, 84, 84], [326, 29, 84, 84], [330, 29, 84, 84], [79, 38, 84, 84], [505, 75, 84, 84], [510, 75, 84, 84], [514, 75, 84, 84], [505, 79, 84, 84], [510, 79, 84, 84], [514, 79, 84, 84], [510, 84, 84, 84], [33, 117, 84, 84], [38, 117, 84, 84], [29, 121, 84, 84], [33, 121, 84, 84], [38, 121, 84, 84], [42, 121, 84, 84], [29, 125, 84, 84], [33, 125, 84, 84], [38, 125, 84, 84], [42, 125, 84, 84], [146, 129, 84, 84], [150, 129, 84, 84], [142, 134, 84, 84], [146, 134, 84, 84], [150, 134, 84, 84], [142, 138, 84, 84], [146, 138, 84, 84], [150, 138, 84, 84], [409, 163, 84, 84], [405, 167, 84, 84], [409, 167, 84, 84], [414, 167, 84, 84], [405, 171, 84, 84], [409, 171, 84, 84], [414, 171, 84, 84], [134, 251, 84, 84], [138, 251, 84, 84], [497, 276, 84, 84], [501, 276, 84, 84], [134, 255, 84, 84], [505, 276, 84, 84], [138, 255, 84, 84], [497, 280, 84, 84], [501, 280, 84, 84], [505, 280, 84, 84], [510, 280, 84, 84], [129, 259, 84, 84], [134, 259, 84, 84], [138, 259, 84, 84], [497, 284, 84, 84], [501, 284, 84, 84], [505, 284, 84, 84], [134, 263, 84, 84], [313, 288, 84, 84], [317, 288, 84, 84], [322, 288, 84, 84], [326, 288, 84, 84], [313, 292, 84, 84], [317, 292, 84, 84], [322, 292, 84, 84], [326, 292, 84, 84], [313, 297, 84, 84], [317, 297, 84, 84], [322, 297, 84, 84], [326, 297, 84, 84], [326, 23, 92, 92], [322, 28, 92, 92], [505, 69, 92, 92], [124, 248, 92, 92], [129, 248, 92, 92], [133, 248, 92, 92], [409, 165, 92, 92], [505, 74, 92, 92], [510, 74, 92, 92], [129, 253, 92, 92], [133, 253, 92, 92], [138, 253, 92, 92], [505, 78, 92, 92], [129, 257, 92, 92], [133, 257, 92, 92], [496, 271, 92, 92], [501, 271, 92, 92], [505, 271, 92, 92], [492, 276, 92, 92], [496, 276, 92, 92], [501, 276, 92, 92], [505, 276, 92, 92], [496, 280, 92, 92], [501, 280, 92, 92], [505, 280, 92, 92], [312, 285, 92, 92], [317, 285, 92, 92], [322, 285, 92, 92], [28, 124, 92, 92], [312, 289, 92, 92], [32, 124, 92, 92], [317, 289, 92, 92], [322, 289, 92, 92], [326, 289, 92, 92], [147, 124, 92, 92], [32, 115, 92, 92], [37, 115, 92, 92], [312, 294, 92, 92], [142, 129, 92, 92], [317, 294, 92, 92], [147, 129, 92, 92], [322, 294, 92, 92], [28, 119, 92, 92], [32, 119, 92, 92], [37, 119, 92, 92], [142, 133, 92, 92], [147, 133, 92, 92], [409, 161, 92, 92], [414, 161, 92, 92], [25, 116, 101, 101], [30, 116, 101, 101], [142, 121, 101, 101], [136, 126, 101, 101], [142, 126, 101, 101], [404, 157, 101, 101], [399, 162, 101, 101], [121, 243, 101, 101], [126, 243, 101, 101], [121, 248, 101, 101], [126, 248, 101, 101], [121, 253, 101, 101], [490, 263, 101, 101], [495, 263, 101, 101], [490, 268, 101, 101], [495, 268, 101, 101], [500, 268, 101, 101], [490, 273, 101, 101], [495, 273, 101, 101], [500, 273, 101, 101], [308, 283, 101, 101], [313, 283, 101, 101], [318, 283, 101, 101], [303, 288, 101, 101], [308, 288, 101, 101], [313, 288, 101, 101], [17, 111, 111, 111], [22, 111, 111, 111], [484, 267, 111, 111], [489, 267, 111, 111], [483, 263, 122, 122]]}, {"min_neighbors": 1, "scale": 1.1, "faces": [[335, 35, 66, 66], [261, 668, 47, 47], [138, 259, 76, 76], [152, 139, 74, 74], [504, 282, 77, 77], [325, 296, 75, 75], [417, 175, 69, 69], [516, 84, 69, 69], [255, 205, 61, 61], [40, 126, 75, 75], [142, 112, 69, 69]]}, {"min_neighbors": 2, "scale": 1.1, "faces": [[261, 668, 47, 47], [335, 35, 66, 66], [504, 282, 77, 77], [138, 259, 76, 76], [325, 296, 75, 75], [516, 84, 69, 69], [152, 139, 74, 74], [255, 205, 61, 61], [417, 175, 69, 69], [40, 126, 75, 75]]}, {"min_neighbors": 3, "scale": 1.1, "faces": [[335, 35, 66, 66], [516, 84, 69, 69], [138, 259, 76, 76], [504, 282, 77, 77], [325, 296, 75, 75], [152, 139, 74, 74], [255, 205, 61, 61], [417, 175, 69, 69], [40, 126, 75, 75]]}, {"min_neighbors": 4, "scale": 1.1, "faces": [[335, 35, 66, 66], [138, 259, 76, 76], [516, 84, 69, 69], [504, 282, 77, 77], [325, 296, 75, 75], [152, 139, 74, 74], [255, 205, 61, 61], [417, 175, 69, 69], [40, 126, 75, 75]]}, {"min_neighbors": 5, "scale": 1.1, "faces": [[335, 35, 66, 66], [504, 282, 77, 77], [138, 259, 76, 76], [325, 296, 75, 75], [152, 139, 74, 74], [516, 84, 69, 69], [417, 175, 69, 69], [255, 205, 61, 61], [40, 126, 75, 75]]}, {"min_neighbors": 6, "scale": 1.1, "faces": [[335, 35, 66, 66], [504, 282, 77, 77], [516, 84, 69, 69], [325, 296, 75, 75], [138, 259, 76, 76], [152, 139, 74, 74], [255, 205, 61, 61], [417, 175, 69, 69], [40, 126, 75, 75]]}], "plays.gif": [{"min_neighbors": 0, "scale": 1.1, "faces": [[56, 644, 20, 20], [420, 233, 22, 22], [402, 106, 27, 27], [366, 3, 29, 29], [334, 32, 29, 29], [237, 102, 29, 29], [398, 105, 29, 29], [467, 32, 32, 32], [329, 84, 32, 32], [480, 84, 32, 32], [399, 103, 32, 32], [326, 81, 35, 35], [397, 103, 35, 35], [323, 82, 39, 39], [319, 77, 43, 43], [322, 77, 43, 43], [319, 79, 43, 43], [322, 79, 43, 43], [324, 79, 43, 43], [322, 81, 43, 43], [318, 75, 47, 47], [318, 78, 47, 47], [321, 78, 47, 47], [323, 78, 47, 47], [316, 75, 52, 52], [319, 75, 52, 52], [20, 551, 101, 101], [25, 551, 101, 101], [20, 556, 101, 101], [25, 556, 101, 101], [17, 545, 111, 111], [17, 550, 111, 111], [22, 550, 111, 111], [17, 556, 111, 111], [6, 550, 122, 122], [12, 550, 122, 122], [6, 538, 122, 122], [12, 538, 122, 122], [6, 544, 122, 122], [12, 544, 122, 122], [18, 544, 122, 122], [7, 531, 135, 135], [0, 538, 135, 135], [7, 538, 135, 135], [13, 538, 135, 135], [7, 545, 135, 135], [13, 545, 135, 135], [0, 525, 148, 148], [0, 533, 148, 148], [7, 533, 148, 148], [0, 521, 163, 163]]}, {"min_neighbors": 1, "scale": 1.1, "faces": [[399, 104, 31, 31], [321, 79, 44, 44], [12, 543, 125, 125]]}, {"min_neighbors": 2, "scale": 1.1, "faces": [[399, 104, 31, 31], [321, 79, 44, 44], [12, 543, 125, 125]]}, {"min_neighbors": 3, "scale": 1.1, "faces": [[399, 104, 31, 31], [321, 79, 44, 44], [12, 543, 125, 125]]}, {"min_neighbors": 4, "scale": 1.1, "faces": [[321, 79, 44, 44], [12, 543, 125, 125]]}, {"min_neighbors": 5, "scale": 1.1, "faces": [[321, 79, 44, 44], [12, 543, 125, 125]]}, {"min_neighbors": 6, "scale": 1.1, "faces": [[321, 79, 44, 44], [12, 543, 125, 125]]}], "cluttered-tahoe.gif": [{"min_neighbors": 0, "scale": 1.1, "faces": [[178, 375, 27, 27], [293, 217, 29, 29], [335, 486, 32, 32]]}, {"min_neighbors": 1, "scale": 1.1, "faces": []}, {"min_neighbors": 2, "scale": 1.1, "faces": []}, {"min_neighbors": 3, "scale": 1.1, "faces": []}, {"min_neighbors": 4, "scale": 1.1, "faces": []}, {"min_neighbors": 5, "scale": 1.1, "faces": []}, {"min_neighbors": 6, "scale": 1.1, "faces": []}], "me.gif": [{"min_neighbors": 0, "scale": 1.1, "faces": [[135, 29, 32, 32], [135, 28, 35, 35], [133, 27, 39, 39], [129, 24, 43, 43], [131, 24, 43, 43], [133, 24, 43, 43], [129, 26, 43, 43], [131, 26, 43, 43], [133, 26, 43, 43], [129, 28, 43, 43], [131, 28, 43, 43], [127, 21, 47, 47], [132, 21, 47, 47], [125, 24, 47, 47], [127, 24, 47, 47], [130, 24, 47, 47], [132, 24, 47, 47], [127, 26, 47, 47], [124, 21, 52, 52], [127, 21, 52, 52], [124, 23, 52, 52], [127, 23, 52, 52], [123, 20, 57, 57]]}, {"min_neighbors": 1, "scale": 1.1, "faces": [[129, 24, 45, 45]]}, {"min_neighbors": 2, "scale": 1.1, "faces": [[129, 24, 45, 45]]}, {"min_neighbors": 3, "scale": 1.1, "faces": [[129, 24, 45, 45]]}, {"min_neighbors": 4, "scale": 1.1, "faces": [[129, 24, 45, 45]]}, {"min_neighbors": 5, "scale": 1.1, "faces": [[129, 24, 45, 45]]}, {"min_neighbors": 6, "scale": 1.1, "faces": [[129, 24, 45, 45]]}], "nens.gif": [{"min_neighbors": 0, "scale": 1.1, "faces": [[150, 11, 22, 22], [167, 99, 22, 22], [62, 101, 22, 22], [62, 103, 22, 22], [158, 156, 22, 22], [94, 24, 24, 24], [90, 162, 24, 24], [167, 97, 24, 24], [90, 165, 24, 24], [61, 102, 24, 24], [63, 102, 24, 24], [117, 104, 27, 27], [149, 8, 27, 27], [146, 11, 27, 27], [200, 19, 27, 27], [93, 24, 27, 27], [43, 32, 27, 27], [45, 32, 27, 27], [32, 157, 27, 27], [35, 157, 27, 27], [88, 162, 27, 27], [91, 162, 27, 27], [138, 165, 27, 27], [141, 165, 27, 27], [13, 83, 27, 27], [16, 83, 27, 27], [165, 93, 27, 27], [165, 96, 27, 27], [168, 96, 27, 27], [59, 98, 27, 27], [61, 98, 27, 27], [59, 101, 27, 27], [61, 101, 27, 27], [91, 194, 27, 27], [32, 155, 29, 29], [146, 9, 29, 29], [32, 158, 29, 29], [184, 158, 29, 29], [187, 158, 29, 29], [196, 18, 29, 29], [199, 18, 29, 29], [85, 161, 29, 29], [88, 161, 29, 29], [138, 164, 29, 29], [141, 164, 29, 29], [91, 23, 29, 29], [41, 32, 29, 29], [44, 32, 29, 29], [12, 82, 29, 29], [15, 82, 29, 29], [164, 94, 29, 29], [167, 94, 29, 29], [164, 97, 29, 29], [59, 100, 29, 29], [61, 100, 29, 29], [114, 102, 29, 29], [145, 6, 32, 32], [145, 10, 32, 32], [161, 93, 32, 32], [196, 16, 32, 32], [164, 93, 32, 32], [90, 19, 32, 32], [58, 97, 32, 32], [90, 23, 32, 32], [58, 100, 32, 32], [113, 100, 32, 32], [42, 29, 32, 32], [45, 29, 32, 32], [10, 81, 32, 32], [13, 81, 32, 32], [84, 180, 32, 32], [29, 155, 32, 32], [32, 155, 32, 32], [184, 155, 32, 32], [187, 155, 32, 32], [84, 158, 32, 32], [87, 158, 32, 32], [187, 158, 32, 32], [84, 161, 32, 32], [87, 161, 32, 32], [139, 161, 32, 32], [139, 164, 32, 32], [142, 7, 35, 35], [145, 7, 35, 35], [195, 14, 35, 35], [7, 78, 35, 35], [11, 78, 35, 35], [39, 28, 35, 35], [43, 28, 35, 35], [28, 152, 35, 35], [159, 92, 35, 35], [28, 156, 35, 35], [163, 92, 35, 35], [32, 156, 35, 35], [85, 156, 35, 35], [57, 96, 35, 35], [184, 156, 35, 35], [57, 99, 35, 35], [81, 159, 35, 35], [85, 159, 35, 35], [110, 99, 35, 35], [113, 99, 35, 35], [135, 163, 35, 35], [138, 163, 35, 35], [140, 4, 39, 39], [8, 78, 39, 39], [27, 152, 39, 39], [183, 152, 39, 39], [86, 19, 39, 39], [82, 156, 39, 39], [156, 90, 39, 39], [160, 90, 39, 39], [39, 27, 39, 39], [55, 94, 39, 39], [133, 160, 39, 39], [55, 97, 39, 39], [109, 97, 39, 39], [69, 43, 43, 43], [24, 150, 43, 43], [26, 150, 43, 43], [34, 26, 43, 43], [36, 26, 43, 43], [26, 152, 43, 43], [28, 152, 43, 43], [139, 4, 43, 43], [141, 4, 43, 43], [178, 152, 43, 43], [77, 154, 43, 43], [79, 154, 43, 43], [81, 154, 43, 43], [79, 156, 43, 43], [81, 156, 43, 43], [189, 13, 43, 43], [191, 13, 43, 43], [133, 159, 43, 43], [84, 17, 43, 43], [86, 17, 43, 43], [4, 73, 43, 43], [6, 73, 43, 43], [4, 75, 43, 43], [6, 75, 43, 43], [156, 88, 43, 43], [159, 88, 43, 43], [6, 77, 43, 43], [51, 94, 43, 43], [54, 94, 43, 43], [107, 94, 43, 43], [107, 96, 43, 43], [109, 96, 43, 43], [137, 2, 47, 47], [24, 151, 47, 47], [26, 151, 47, 47], [75, 153, 47, 47], [78, 153, 47, 47], [80, 156, 47, 47], [5, 75, 47, 47], [156, 87, 47, 47], [52, 92, 47, 47]]}, {"min_neighbors": 1, "scale": 1.1, "faces": [[144, 7, 34, 34], [162, 93, 33, 33], [58, 98, 32, 32], [84, 158, 36, 36], [89, 21, 34, 34], [195, 16, 34, 34], [41, 29, 34, 34], [111, 99, 36, 36], [9, 78, 36, 36], [29, 154, 37, 37], [138, 163, 33, 33], [184, 156, 34, 34]]}, {"min_neighbors": 2, "scale": 1.1, "faces": [[144, 7, 34, 34], [162, 93, 33, 33], [58, 98, 32, 32], [84, 158, 36, 36], [89, 21, 34, 34], [111, 99, 36, 36], [195, 16, 34, 34], [29, 154, 37, 37], [41, 29, 34, 34], [138, 163, 33, 33], [9, 78, 36, 36], [184, 156, 34, 34]]}, {"min_neighbors": 3, "scale": 1.1, "faces": [[144, 7, 34, 34], [162, 93, 33, 33], [58, 98, 32, 32], [89, 21, 34, 34], [84, 158, 36, 36], [111, 99, 36, 36], [9, 78, 36, 36], [195, 16, 34, 34], [41, 29, 34, 34], [29, 154, 37, 37], [138, 163, 33, 33], [184, 156, 34, 34]]}, {"min_neighbors": 4, "scale": 1.1, "faces": [[162, 93, 33, 33], [58, 98, 32, 32], [144, 7, 34, 34], [84, 158, 36, 36], [89, 21, 34, 34], [111, 99, 36, 36], [9, 78, 36, 36], [29, 154, 37, 37], [138, 163, 33, 33], [195, 16, 34, 34], [41, 29, 34, 34], [184, 156, 34, 34]]}, {"min_neighbors": 5, "scale": 1.1, "faces": [[162, 93, 33, 33], [58, 98, 32, 32], [144, 7, 34, 34], [84, 158, 36, 36], [89, 21, 34, 34], [111, 99, 36, 36], [195, 16, 34, 34], [41, 29, 34, 34], [29, 154, 37, 37], [138, 163, 33, 33], [9, 78, 36, 36], [184, 156, 34, 34]]}, {"min_neighbors": 6, "scale": 1.1, "faces": [[144, 7, 34, 34], [162, 93, 33, 33], [58, 98, 32, 32], [84, 158, 36, 36], [89, 21, 34, 34], [111, 99, 36, 36], [195, 16, 34, 34], [41, 29, 34, 34], [9, 78, 36, 36], [29, 154, 37, 37], [138, 163, 33, 33], [184, 156, 34, 34]]}], "book.gif": [{"min_neighbors": 0, "scale": 1.1, "faces": [[53, 496, 24, 24], [88, 375, 29, 29], [84, 374, 32, 32], [87, 374, 32, 32], [85, 372, 35, 35], [167, 361, 35, 35], [163, 365, 35, 35], [160, 362, 39, 39], [164, 362, 39, 39], [82, 370, 39, 39], [71, 86, 43, 43], [159, 360, 43, 43], [161, 360, 43, 43], [163, 360, 43, 43], [163, 362, 43, 43], [79, 369, 43, 43], [81, 369, 43, 43], [79, 371, 43, 43], [158, 358, 47, 47], [183, 302, 57, 57]]}, {"min_neighbors": 1, "scale": 1.1, "faces": [[83, 372, 37, 37], [162, 361, 41, 41]]}, {"min_neighbors": 2, "scale": 1.1, "faces": [[83, 372, 37, 37], [162, 361, 41, 41]]}, {"min_neighbors": 3, "scale": 1.1, "faces": [[83, 372, 37, 37], [162, 361, 41, 41]]}, {"min_neighbors": 4, "scale": 1.1, "faces": [[83, 372, 37, 37], [162, 361, 41, 41]]}, {"min_neighbors": 5, "scale": 1.1, "faces": [[83, 372, 37, 37], [162, 361, 41, 41]]}, {"min_neighbors": 6, "scale": 1.1, "faces": [[83, 372, 37, 37], [162, 361, 41, 41]]}], "pace-university-double.gif": [{"min_neighbors": 0, "scale": 1.1, "faces": [[112, 252, 20, 20], [160, 262, 20, 20], [96, 266, 20, 20], [126, 128, 20, 20], [82, 58, 20, 20], [125, 128, 22, 22], [110, 251, 22, 22], [554, 29, 22, 22], [158, 262, 22, 22], [744, 264, 22, 22], [403, 156, 22, 22], [801, 394, 22, 22], [356, 196, 22, 22], [279, 218, 22, 22], [484, 222, 22, 22], [68, 264, 24, 24], [549, 240, 24, 24], [252, 390, 24, 24], [649, 397, 24, 24], [196, 334, 24, 24], [172, 336, 24, 24], [293, 170, 27, 27], [293, 170, 29, 29], [712, 111, 29, 29], [466, 120, 29, 29], [495, 261, 29, 29], [464, 117, 35, 35], [776, 103, 43, 43], [778, 103, 43, 43], [101, 135, 43, 43], [247, 324, 43, 43], [356, 81, 43, 43], [6, 90, 43, 43], [6, 92, 43, 43], [454, 92, 43, 43], [457, 92, 43, 43], [452, 94, 43, 43], [454, 94, 43, 43], [453, 92, 47, 47], [455, 92, 47, 47], [450, 94, 47, 47], [568, 94, 47, 47], [566, 97, 47, 47], [731, 144, 47, 47], [776, 101, 47, 47], [773, 104, 47, 47], [354, 80, 47, 47], [354, 83, 47, 47], [5, 90, 47, 47], [453, 90, 47, 47], [455, 90, 47, 47], [236, 114, 52, 52], [236, 117, 52, 52], [682, 83, 52, 52], [3, 86, 52, 52], [451, 86, 52, 52], [3, 88, 52, 52], [5, 88, 52, 52], [451, 88, 52, 52], [454, 88, 52, 52], [682, 88, 52, 52], [449, 91, 52, 52], [451, 91, 52, 52], [454, 91, 52, 52], [565, 93, 52, 52], [348, 78, 52, 52], [350, 78, 52, 52], [353, 78, 52, 52], [350, 80, 52, 52], [353, 80, 52, 52], [773, 104, 52, 52], [773, 99, 52, 52], [773, 101, 52, 52], [559, 91, 57, 57], [562, 91, 57, 57], [767, 97, 57, 57], [767, 100, 57, 57], [146, 74, 57, 57], [348, 80, 57, 57], [3, 83, 57, 57], [345, 77, 57, 57], [348, 77, 57, 57], [679, 83, 57, 57], [682, 83, 57, 57], [3, 86, 57, 57], [445, 86, 57, 57], [448, 86, 57, 57], [451, 86, 57, 57], [445, 88, 57, 57], [448, 88, 57, 57], [451, 88, 57, 57], [562, 88, 57, 57], [681, 78, 63, 63], [678, 82, 63, 63], [681, 82, 63, 63], [769, 94, 63, 63], [446, 85, 63, 63], [449, 85, 63, 63], [766, 97, 63, 63], [769, 97, 63, 63], [559, 88, 63, 63], [562, 88, 63, 63], [345, 72, 63, 63], [559, 91, 63, 63], [562, 91, 63, 63], [345, 75, 63, 63], [559, 86, 69, 69], [677, 76, 69, 69], [442, 79, 69, 69], [673, 79, 69, 69], [677, 79, 69, 69], [442, 83, 69, 69], [445, 83, 69, 69], [559, 83, 69, 69], [677, 83, 69, 69], [672, 76, 76, 76], [676, 76, 76, 76], [437, 80, 76, 76], [441, 80, 76, 76], [672, 80, 76, 76], [554, 84, 76, 76], [179, 236, 163, 163]]}, {"min_neighbors": 1, "scale": 1.1, "faces": [[111, 252, 21, 21], [159, 262, 21, 21], [126, 128, 21, 21], [293, 170, 28, 28], [772, 100, 53, 53], [350, 78, 53, 53], [4, 88, 50, 50], [449, 88, 55, 55], [561, 90, 60, 60], [236, 116, 52, 52], [678, 81, 65, 65]]}, {"min_neighbors": 2, "scale": 1.1, "faces": [[772, 100, 53, 53], [350, 78, 53, 53], [4, 88, 50, 50], [449, 88, 55, 55], [561, 90, 60, 60], [678, 81, 65, 65]]}, {"min_neighbors": 3, "scale": 1.1, "faces": [[4, 88, 50, 50], [772, 100, 53, 53], [350, 78, 53, 53], [449, 88, 55, 55], [561, 90, 60, 60], [678, 81, 65, 65]]}, {"min_neighbors": 4, "scale": 1.1, "faces": [[772, 100, 53, 53], [350, 78, 53, 53], [4, 88, 50, 50], [449, 88, 55, 55], [561, 90, 60, 60], [678, 81, 65, 65]]}, {"min_neighbors": 5, "scale": 1.1, "faces": [[772, 100, 53, 53], [4, 88, 50, 50], [350, 78, 53, 53], [449, 88, 55, 55], [561, 90, 60, 60], [678, 81, 65, 65]]}, {"min_neighbors": 6, "scale": 1.1, "faces": [[772, 100, 53, 53], [350, 78, 53, 53], [4, 88, 50, 50], [449, 88, 55, 55], [561, 90, 60, 60], [678, 81, 65, 65]]}], "cpd.gif": [{"min_neighbors": 0, "scale": 1.1, "faces": [[308, 95, 76, 76], [311, 95, 76, 76], [301, 92, 84, 84], [299, 87, 92, 92], [161, 111, 111, 111], [141, 94, 135, 135], [148, 94, 135, 135], [148, 101, 135, 135], [148, 108, 135, 135], [126, 89, 148, 148], [141, 89, 148, 148], [126, 96, 148, 148], [133, 96, 148, 148], [141, 96, 148, 148], [141, 104, 148, 148], [138, 81, 163, 163], [114, 90, 163, 163], [122, 90, 163, 163], [130, 90, 163, 163], [138, 90, 163, 163], [116, 72, 179, 179], [116, 81, 179, 179], [125, 81, 179, 179], [134, 81, 179, 179], [125, 90, 179, 179], [118, 59, 197, 197], [108, 69, 197, 197], [118, 69, 197, 197], [128, 69, 197, 197], [108, 54, 217, 217], [108, 65, 217, 217]]}, {"min_neighbors": 1, "scale": 1.1, "faces": [[305, 92, 82, 82], [130, 86, 166, 166]]}, {"min_neighbors": 2, "scale": 1.1, "faces": [[305, 92, 82, 82], [130, 86, 166, 166]]}, {"min_neighbors": 3, "scale": 1.1, "faces": [[305, 92, 82, 82], [130, 86, 166, 166]]}, {"min_neighbors": 4, "scale": 1.1, "faces": [[130, 86, 166, 166]]}, {"min_neighbors": 5, "scale": 1.1, "faces": [[130, 86, 166, 166]]}, {"min_neighbors": 6, "scale": 1.1, "faces": [[130, 86, 166, 166]]}], "next.gif": [{"min_neighbors": 0, "scale": 1.1, "faces": [[139, 24, 22, 22], [213, 46, 22, 22], [273, 143, 22, 22], [136, 24, 24, 24], [138, 24, 24, 24], [213, 44, 24, 24], [211, 46, 24, 24], [271, 140, 24, 24], [271, 143, 24, 24], [136, 24, 27, 27], [210, 45, 27, 27], [88, 152, 27, 27], [272, 141, 27, 27], [88, 154, 27, 27], [69, 8, 27, 27], [72, 8, 27, 27], [69, 11, 27, 27], [85, 152, 29, 29], [88, 152, 29, 29], [269, 138, 29, 29], [135, 23, 29, 29], [208, 44, 29, 29], [67, 9, 29, 29], [135, 20, 29, 29], [177, 129, 32, 32], [267, 139, 32, 32], [271, 139, 32, 32], [84, 151, 32, 32], [64, 6, 32, 32], [68, 6, 32, 32], [206, 42, 32, 32], [209, 42, 32, 32], [132, 19, 32, 32], [132, 23, 32, 32], [64, 7, 35, 35], [131, 18, 35, 35], [131, 21, 35, 35], [174, 128, 35, 35], [266, 135, 35, 35], [81, 149, 35, 35], [85, 149, 35, 35], [62, 4, 39, 39], [129, 16, 39, 39], [129, 19, 39, 39], [175, 125, 39, 39], [265, 133, 39, 39], [82, 148, 39, 39], [60, 2, 43, 43], [171, 122, 43, 43], [171, 124, 43, 43], [171, 126, 43, 43], [129, 17, 43, 43], [262, 131, 43, 43], [264, 131, 43, 43], [262, 133, 43, 43], [264, 133, 43, 43], [77, 144, 43, 43], [79, 144, 43, 43], [77, 146, 43, 43], [79, 146, 43, 43], [81, 146, 43, 43], [259, 130, 47, 47], [262, 132, 47, 47], [75, 144, 47, 47], [78, 144, 47, 47]]}, {"min_neighbors": 1, "scale": 1.1, "faces": [[267, 136, 35, 35], [210, 44, 27, 27], [133, 21, 32, 32], [66, 7, 32, 32], [82, 148, 37, 37], [173, 126, 39, 39]]}, {"min_neighbors": 2, "scale": 1.1, "faces": [[133, 21, 32, 32], [210, 44, 27, 27], [267, 136, 35, 35], [66, 7, 32, 32], [82, 148, 37, 37], [173, 126, 39, 39]]}, {"min_neighbors": 3, "scale": 1.1, "faces": [[267, 136, 35, 35], [133, 21, 32, 32], [210, 44, 27, 27], [66, 7, 32, 32], [82, 148, 37, 37], [173, 126, 39, 39]]}, {"min_neighbors": 4, "scale": 1.1, "faces": [[267, 136, 35, 35], [133, 21, 32, 32], [210, 44, 27, 27], [66, 7, 32, 32], [82, 148, 37, 37], [173, 126, 39, 39]]}, {"min_neighbors": 5, "scale": 1.1, "faces": [[267, 136, 35, 35], [210, 44, 27, 27], [133, 21, 32, 32], [66, 7, 32, 32], [82, 148, 37, 37], [173, 126, 39, 39]]}, {"min_neighbors": 6, "scale": 1.1, "faces": [[267, 136, 35, 35], [133, 21, 32, 32], [210, 44, 27, 27], [66, 7, 32, 32], [82, 148, 37, 37]]}], "tress-photo.gif": [{"min_neighbors": 0, "scale": 1.1, "faces": [[173, 141, 29, 29], [170, 138, 35, 35]]}, {"min_neighbors": 1, "scale": 1.1, "faces": [[172, 140, 32, 32]]}, {"min_neighbors": 2, "scale": 1.1, "faces": []}, {"min_neighbors": 3, "scale": 1.1, "faces": []}, {"min_neighbors": 4, "scale": 1.1, "faces": []}, {"min_neighbors": 5, "scale": 1.1, "faces": []}, {"min_neighbors": 6, "scale": 1.1, "faces": []}], "larroquette.gif": [{"min_neighbors": 0, "scale": 1.1, "faces": [[136, 152, 20, 20], [183, 132, 22, 22], [31, 145, 22, 22], [264, 145, 22, 22], [134, 152, 22, 22], [136, 152, 22, 22], [334, 152, 22, 22], [114, 103, 22, 22], [40, 112, 22, 22], [103, 222, 22, 22], [182, 131, 24, 24], [133, 150, 24, 24], [133, 152, 24, 24], [220, 94, 24, 24], [114, 102, 24, 24], [102, 220, 24, 24], [293, 258, 27, 27], [181, 130, 27, 27], [261, 144, 27, 27], [133, 149, 27, 27], [333, 149, 27, 27], [221, 93, 27, 27], [133, 152, 27, 27], [333, 152, 27, 27], [112, 101, 27, 27], [101, 218, 27, 27], [101, 221, 27, 27], [176, 129, 29, 29], [179, 129, 29, 29], [182, 129, 29, 29], [261, 141, 29, 29], [129, 149, 29, 29], [132, 149, 29, 29], [331, 149, 29, 29], [334, 149, 29, 29], [331, 152, 29, 29], [220, 94, 29, 29], [111, 100, 29, 29], [100, 217, 29, 29], [293, 258, 29, 29], [100, 220, 29, 29], [102, 220, 29, 29], [177, 126, 32, 32], [177, 129, 32, 32], [258, 139, 32, 32], [258, 142, 32, 32], [129, 148, 32, 32], [132, 148, 32, 32], [329, 148, 32, 32], [332, 148, 32, 32], [97, 216, 32, 32], [100, 216, 32, 32], [216, 90, 32, 32], [219, 90, 32, 32], [110, 97, 32, 32], [96, 213, 35, 35], [99, 213, 35, 35], [96, 216, 35, 35], [99, 216, 35, 35], [213, 89, 35, 35], [216, 89, 35, 35], [128, 145, 35, 35], [106, 96, 35, 35], [326, 145, 35, 35], [330, 145, 35, 35], [128, 149, 35, 35], [330, 149, 35, 35], [174, 124, 35, 35], [177, 124, 35, 35], [177, 128, 35, 35], [255, 138, 35, 35], [97, 214, 39, 39], [175, 125, 39, 39], [253, 136, 39, 39], [257, 136, 39, 39], [125, 144, 39, 39], [129, 144, 39, 39], [327, 144, 39, 39], [171, 122, 43, 43], [251, 135, 43, 43], [253, 135, 43, 43], [255, 135, 43, 43], [253, 137, 43, 43], [212, 86, 43, 43], [103, 92, 43, 43], [66, 103, 43, 43], [92, 210, 43, 43], [94, 210, 43, 43], [92, 212, 43, 43], [94, 212, 43, 43], [409, 240, 43, 43], [250, 134, 47, 47], [252, 134, 47, 47], [123, 141, 47, 47], [127, 34, 52, 52], [280, 262, 57, 57]]}, {"min_neighbors": 1, "scale": 1.1, "faces": [[131, 148, 30, 30], [178, 128, 32, 32], [256, 138, 37, 37], [331, 148, 31, 31], [98, 216, 33, 33], [110, 99, 30, 30], [217, 91, 32, 32], [293, 258, 28, 28]]}, {"min_neighbors": 2, "scale": 1.1, "faces": [[131, 148, 30, 30], [178, 128, 32, 32], [256, 138, 37, 37], [331, 148, 31, 31], [110, 99, 30, 30], [98, 216, 33, 33], [217, 91, 32, 32]]}, {"min_neighbors": 3, "scale": 1.1, "faces": [[131, 148, 30, 30], [178, 128, 32, 32], [256, 138, 37, 37], [331, 148, 31, 31], [98, 216, 33, 33], [110, 99, 30, 30], [217, 91, 32, 32]]}, {"min_neighbors": 4, "scale": 1.1, "faces": [[131, 148, 30, 30], [178, 128, 32, 32], [256, 138, 37, 37], [331, 148, 31, 31], [110, 99, 30, 30], [98, 216, 33, 33], [217, 91, 32, 32]]}, {"min_neighbors": 5, "scale": 1.1, "faces": [[131, 148, 30, 30], [178, 128, 32, 32], [256, 138, 37, 37], [98, 216, 33, 33], [331, 148, 31, 31], [110, 99, 30, 30], [217, 91, 32, 32]]}, {"min_neighbors": 6, "scale": 1.1, "faces": [[131, 148, 30, 30], [110, 99, 30, 30], [178, 128, 32, 32], [256, 138, 37, 37], [331, 148, 31, 31], [98, 216, 33, 33], [217, 91, 32, 32]]}], "karen-and-rob.gif": [{"min_neighbors": 0, "scale": 1.1, "faces": [[306, 198, 20, 20], [89, 202, 35, 35], [197, 34, 43, 43], [193, 36, 43, 43], [195, 36, 43, 43], [197, 36, 43, 43], [197, 39, 43, 43], [84, 197, 43, 43], [86, 197, 43, 43], [88, 197, 43, 43], [86, 199, 43, 43], [88, 199, 43, 43], [189, 33, 47, 47], [191, 33, 47, 47], [193, 33, 47, 47], [189, 35, 47, 47], [191, 35, 47, 47], [193, 35, 47, 47], [196, 35, 47, 47], [193, 38, 47, 47], [83, 191, 47, 47], [83, 193, 47, 47], [85, 193, 47, 47], [83, 196, 47, 47], [85, 196, 47, 47], [87, 196, 47, 47], [83, 198, 47, 47], [85, 198, 47, 47], [189, 31, 52, 52], [192, 31, 52, 52], [187, 34, 52, 52], [189, 34, 52, 52], [192, 34, 52, 52], [195, 34, 52, 52], [192, 36, 52, 52], [195, 36, 52, 52], [80, 192, 52, 52], [83, 192, 52, 52], [80, 195, 52, 52], [83, 195, 52, 52], [86, 195, 52, 52], [83, 188, 57, 57], [77, 191, 57, 57], [80, 191, 57, 57], [83, 191, 57, 57], [80, 194, 57, 57], [185, 31, 57, 57], [188, 31, 57, 57], [191, 31, 57, 57], [191, 34, 57, 57], [188, 29, 57, 57], [191, 29, 57, 57], [185, 25, 63, 63], [182, 28, 63, 63], [185, 28, 63, 63], [188, 28, 63, 63], [185, 31, 63, 63], [72, 188, 63, 63], [75, 188, 63, 63], [78, 188, 63, 63], [82, 188, 63, 63], [75, 185, 63, 63], [180, 24, 69, 69], [183, 24, 69, 69], [183, 28, 69, 69], [17, 252, 69, 69], [72, 183, 69, 69], [76, 183, 69, 69]]}, {"min_neighbors": 1, "scale": 1.1, "faces": [[82, 193, 52, 52], [190, 32, 53, 53]]}, {"min_neighbors": 2, "scale": 1.1, "faces": [[82, 193, 52, 52], [190, 32, 53, 53]]}, {"min_neighbors": 3, "scale": 1.1, "faces": [[82, 193, 52, 52], [190, 32, 53, 53]]}, {"min_neighbors": 4, "scale": 1.1, "faces": [[82, 193, 52, 52], [190, 32, 53, 53]]}, {"min_neighbors": 5, "scale": 1.1, "faces": [[82, 193, 52, 52], [190, 32, 53, 53]]}, {"min_neighbors": 6, "scale": 1.1, "faces": [[82, 193, 52, 52], [190, 32, 53, 53]]}], "clapton.gif": [{"min_neighbors": 0, "scale": 1.1, "faces": []}, {"min_neighbors": 1, "scale": 1.1, "faces": []}, {"min_neighbors": 2, "scale": 1.1, "faces": []}, {"min_neighbors": 3, "scale": 1.1, "faces": []}, {"min_neighbors": 4, "scale": 1.1, "faces": []}, {"min_neighbors": 5, "scale": 1.1, "faces": []}, {"min_neighbors": 6, "scale": 1.1, "faces": []}], "baseball.gif": [{"min_neighbors": 0, "scale": 1.1, "faces": [[74, 23, 57, 57], [74, 26, 57, 57], [69, 16, 63, 63], [69, 19, 63, 63], [72, 19, 63, 63], [75, 22, 63, 63], [66, 10, 69, 69], [69, 10, 69, 69], [66, 14, 69, 69], [69, 14, 69, 69], [66, 17, 69, 69], [69, 17, 69, 69]]}, {"min_neighbors": 1, "scale": 1.1, "faces": [[70, 17, 65, 65]]}, {"min_neighbors": 2, "scale": 1.1, "faces": [[70, 17, 65, 65]]}, {"min_neighbors": 3, "scale": 1.1, "faces": [[70, 17, 65, 65]]}, {"min_neighbors": 4, "scale": 1.1, "faces": [[70, 17, 65, 65]]}, {"min_neighbors": 5, "scale": 1.1, "faces": [[70, 17, 65, 65]]}, {"min_neighbors": 6, "scale": 1.1, "faces": [[70, 17, 65, 65]]}], "Ecuador.gif": [{"min_neighbors": 0, "scale": 1.1, "faces": [[373, 72, 27, 2