{"tommyrw.gif": [{"min_neighbors": 0, "scale": 1.1, "faces": [[52, 216, 20, 20], [128, 124, 20, 20], [128, 123, 22, 22], [160, 157, 24, 24], [208, 128, 27, 27], [86, 66, 39, 39], [84, 64, 43, 43], [86, 64, 43, 43], [84, 66, 43, 43], [86, 66, 43, 43], [83, 64, 47, 47], [85, 64, 47, 47], [83, 66, 47, 47], [80, 62, 52, 52], [80, 65, 52, 52], [77, 60, 57, 57], [80, 60, 57, 57]]}, {"min_neighbors": 1, "scale": 1.1, "faces": [[128, 124, 21, 21], [83, 64, 48, 48]]}, {"min_neighbors": 2, "scale": 1.1, "faces": [[83, 64, 48, 48]]}, {"min_neighbors": 3, "scale": 1.1, "faces": [[83, 64, 48, 48]]}, {"min_neighbors": 4, "scale": 1.1, "faces": [[83, 64, 48, 48]]}, {"min_neighbors": 5, "scale": 1.1, "faces": [[83, 64, 48, 48]]}, {"min_neighbors": 6, "scale": 1.1, "faces": [[83, 64, 48, 48]]}], "Colombia.gif": [{"min_neighbors": 0, "scale": 1.1, "faces": [[513, 378, 22, 22], [365, 301, 22, 22], [365, 300, 24, 24], [152, 61, 27, 27], [482, 317, 27, 27], [415, 98, 27, 27], [261, 44, 29, 29], [381, 50, 29, 29], [501, 64, 29, 29], [477, 316, 29, 29], [223, 208, 29, 29], [433, 214, 29, 29], [451, 370, 32, 32], [261, 42, 32, 32], [499, 64, 32, 32], [432, 213, 32, 32], [222, 206, 32, 32], [89, 60, 35, 35], [496, 64, 35, 35], [223, 206, 35, 35], [549, 209, 35, 35], [319, 167, 35, 35], [330, 167, 35, 35], [432, 213, 35, 35], [331, 164, 39, 39], [218, 203, 39, 39], [222, 203, 39, 39], [546, 207, 39, 39], [550, 207, 39, 39], [444, 210, 39, 39], [144, 55, 39, 39], [148, 55, 39, 39], [261, 39, 39, 39], [495, 62, 39, 39], [378, 47, 39, 39], [326, 163, 43, 43], [328, 163, 43, 43], [328, 165, 43, 43], [542, 206, 43, 43], [544, 206, 43, 43], [547, 206, 43, 43], [219, 199, 43, 43], [221, 199, 43, 43], [105, 208, 43, 43], [217, 201, 43, 43], [429, 208, 43, 43], [219, 201, 43, 43], [221, 201, 43, 43], [144, 51, 43, 43], [439, 210, 43, 43], [442, 210, 43, 43], [144, 54, 43, 43], [146, 54, 43, 43], [491, 58, 43, 43], [493, 58, 43, 43], [491, 60, 43, 43], [493, 60, 43, 43], [328, 161, 43, 43], [408, 104, 47, 47], [325, 163, 47, 47], [540, 203, 47, 47], [542, 203, 47, 47], [424, 205, 47, 47], [436, 207, 47, 47], [439, 207, 47, 47], [516, 345, 52, 52], [215, 197, 52, 52], [218, 197, 52, 52], [456, 140, 57, 57], [512, 339, 63, 63], [458, 91, 63, 63]]}, {"min_neighbors": 1, "scale": 1.1, "faces": [[365, 300, 23, 23], [480, 316, 28, 28], [261, 43, 30, 30], [495, 61, 38, 38], [220, 202, 41, 41], [430, 211, 37, 37], [328, 164, 42, 42], [545, 206, 42, 42], [145, 54, 41, 41], [440, 209, 44, 44], [514, 342, 58, 58]]}, {"min_neighbors": 2, "scale": 1.1, "faces": [[495, 61, 38, 38], [220, 202, 41, 41], [430, 211, 37, 37], [545, 206, 42, 42], [328, 164, 42, 42], [145, 54, 41, 41], [440, 209, 44, 44]]}, {"min_neighbors": 3, "scale": 1.1, "faces": [[495, 61, 38, 38], [220, 202, 41, 41], [430, 211, 37, 37], [328, 164, 42, 42], [545, 206, 42, 42], [145, 54, 41, 41], [440, 209, 44, 44]]}, {"min_neighbors": 4, "scale": 1.1, "faces": [[495, 61, 38, 38], [220, 202, 41, 41], [430, 211, 37, 37], [328, 164, 42, 42], [545, 206, 42, 42], [145, 54, 41, 41], [440, 209, 44, 44]]}, {"min_neighbors": 5, "scale": 1.1, "faces": [[220, 202, 41, 41], [495, 61, 38, 38], [328, 164, 42, 42], [545, 206, 42, 42]]}, {"min_neighbors": 6, "scale": 1.1, "faces": [[495, 61, 38, 38], [220, 202, 41, 41], [545, 206, 42, 42], [328, 164, 42, 42]]}], "judybats.gif": [{"min_neighbors": 0, "scale": 1.1, "faces": [[576, 586, 20, 20], [373, 404, 24, 24], [399, 500, 27, 27], [369, 401, 29, 29], [368, 400, 35, 35], [366, 398, 39, 39], [628, 427, 43, 43], [364, 394, 43, 43], [362, 397, 43, 43], [364, 397, 43, 43], [625, 424, 47, 47], [627, 424, 47, 47], [627, 427, 47, 47], [26, 376, 52, 52], [36, 379, 52, 52], [36, 381, 52, 52], [358, 394, 52, 52], [620, 423, 52, 52], [622, 423, 52, 52], [625, 423, 52, 52], [620, 425, 52, 52], [622, 425, 52, 52], [625, 425, 52, 52], [31, 377, 57, 57], [34, 377, 57, 57], [619, 419, 57, 57], [622, 419, 57, 57], [616, 422, 57, 57], [619, 422, 57, 57], [622, 422, 57, 57], [625, 422, 57, 57], [619, 425, 57, 57], [622, 425, 57, 57], [615, 417, 63, 63], [618, 417, 63, 63], [621, 417, 63, 63], [615, 421, 63, 63], [618, 421, 63, 63], [615, 424, 63, 63], [28, 373, 63, 63], [31, 373, 63, 63], [25, 377, 63, 63], [28, 377, 63, 63], [31, 377, 63, 63], [28, 380, 63, 63], [24, 369, 69, 69], [28, 369, 69, 69], [31, 369, 69, 69], [24, 373, 69, 69], [28, 373, 69, 69], [31, 373, 69, 69], [24, 376, 69, 69], [28, 376, 69, 69], [611, 414, 69, 69], [615, 414, 69, 69], [611, 418, 69, 69], [615, 418, 69, 69], [618, 418, 69, 69], [615, 421, 69, 69], [23, 365, 76, 76], [19, 368, 76, 76], [23, 368, 76, 76], [27, 368, 76, 76], [30, 368, 76, 76], [23, 372, 76, 76], [27, 372, 76, 76], [30, 372, 76, 76], [611, 410, 76, 76], [615, 410, 76, 76], [611, 414, 76, 76], [615, 414, 76, 76], [619, 414, 76, 76], [17, 363, 84, 84], [21, 363, 84, 84], [25, 363, 84, 84], [13, 368, 84, 84], [17, 368, 84, 84], [21, 368, 84, 84], [25, 368, 84, 84], [21, 372, 84, 84], [25, 372, 84, 84], [14, 358, 92, 92], [18, 358, 92, 92], [23, 358, 92, 92], [14, 363, 92, 92], [18, 363, 92, 92], [23, 363, 92, 92], [18, 368, 92, 92], [602, 409, 92, 92], [607, 409, 92, 92], [418, 303, 92, 92], [414, 308, 92, 92], [418, 308, 92, 92], [414, 312, 92, 92], [418, 312, 92, 92], [142, 317, 92, 92], [404, 303, 101, 101], [409, 303, 101, 101], [414, 303, 101, 101], [404, 308, 101, 101], [409, 308, 101, 101], [414, 308, 101, 101], [10, 364, 101, 101], [10, 354, 101, 101], [15, 354, 101, 101], [10, 359, 101, 101], [15, 359, 101, 101], [20, 359, 101, 101], [601, 404, 101, 101], [406, 295, 111, 111], [400, 300, 111, 111], [406, 300, 111, 111], [411, 300, 111, 111], [406, 306, 111, 111], [411, 306, 111, 111], [6, 417, 111, 111], [398, 287, 122, 122], [404, 287, 122, 122], [391, 294, 122, 122], [398, 294, 122, 122], [404, 294, 122, 122], [398, 300, 122, 122], [404, 300, 122, 122], [390, 289, 135, 135], [397, 289, 135, 135], [390, 296, 135, 135], [385, 281, 148, 148], [392, 281, 148, 148], [383, 277, 163, 163], [98, 179, 179, 179], [376, 278, 179, 179], [89, 177, 197, 197], [87, 163, 217, 217], [76, 173, 217, 217], [87, 173, 217, 217], [60, 155, 238, 238], [72, 155, 238, 238], [83, 155, 238, 238], [72, 167, 238, 238], [52, 144, 262, 262], [66, 144, 262, 262], [66, 157, 262, 262], [58, 130, 288, 288], [58, 144, 288, 288]]}, {"min_neighbors": 1, "scale": 1.1, "faces": [[366, 398, 38, 38], [618, 419, 63, 63], [23, 369, 78, 78], [403, 298, 117, 117], [73, 158, 239, 239]]}, {"min_neighbors": 2, "scale": 1.1, "faces": [[366, 398, 38, 38], [618, 419, 63, 63], [23, 369, 78, 78], [403, 298, 117, 117], [73, 158, 239, 239]]}, {"min_neighbors": 3, "scale": 1.1, "faces": [[366, 398, 38, 38], [618, 419, 63, 63], [23, 369, 78, 78], [403, 298, 117, 117], [73, 158, 239, 239]]}, {"min_neighbors": 4, "scale": 1.1, "faces": [[366, 398, 38, 38], [618, 419, 63, 63], [23, 369, 78, 78], [403, 298, 117, 117], [73, 158, 239, 239]]}, {"min_neighbors": 5, "scale": 1.1, "faces": [[366, 398, 38, 38], [618, 419, 63, 63], [23, 369, 78, 78], [403, 298, 117, 117], [73, 158, 239, 239]]}, {"min_neighbors": 6, "scale": 1.1, "faces": [[366, 398, 38, 38], [618, 419, 63, 63], [23, 369, 78, 78], [403, 298, 117, 117], [73, 158, 239, 239]]}], "voyager2.gif": [{"min_neighbors": 0, "scale": 1.1, "faces": [[271, 110, 22, 22], [282, 691, 22, 22], [455, 186, 24, 24], [353, 82, 24, 24], [351, 83, 27, 27], [278, 697, 29, 29], [271, 216, 32, 32], [351, 46, 35, 35], [230, 191, 35, 35], [351, 43, 39, 39], [264, 212, 43, 43], [266, 212, 43, 43], [429, 184, 43, 43], [429, 186, 43, 43], [345, 43, 43, 43], [347, 43, 43, 43], [349, 43, 43, 43], [529, 94, 43, 43], [514, 268, 43, 43], [154, 272, 43, 43], [259, 667, 47, 47], [262, 667, 47, 47], [342, 40, 47, 47], [344, 40, 47, 47], [344, 42, 47, 47], [347, 42, 47, 47], [344, 45, 47, 47], [528, 90, 47, 47], [526, 92, 47, 47], [528, 92, 47, 47], [526, 94, 47, 47], [424, 184, 47, 47], [427, 184, 47, 47], [429, 184, 47, 47], [57, 137, 47, 47], [153, 269, 47, 47], [424, 186, 47, 47], [427, 186, 47, 47], [153, 271, 47, 47], [156, 271, 47, 47], [340, 304, 47, 47], [262, 212, 47, 47], [259, 210, 47, 47], [262, 210, 47, 47], [264, 210, 47, 47], [340, 39, 52, 52], [342, 39, 52, 52], [342, 41, 52, 52], [521, 88, 52, 52], [524, 88, 52, 52], [527, 88, 52, 52], [521, 91, 52, 52], [524, 91, 52, 52], [527, 91, 52, 52], [521, 93, 52, 52], [49, 135, 52, 52], [52, 135, 52, 52], [423, 182, 52, 52], [425, 182, 52, 52], [423, 184, 52, 52], [425, 184, 52, 52], [425, 187, 52, 52], [257, 207, 52, 52], [259, 207, 52, 52], [262, 207, 52, 52], [257, 210, 52, 52], [259, 210, 52, 52], [262, 210, 52, 52], [148, 267, 52, 52], [150, 267, 52, 52], [153, 267, 52, 52], [150, 270, 52, 52], [514, 290, 52, 52], [516, 290, 52, 52], [514, 293, 52, 52], [257, 664, 52, 52], [335, 303, 52, 52], [335, 306, 52, 52], [337, 306, 52, 52], [337, 309, 52, 52], [337, 311, 52, 52], [340, 34, 57, 57], [334, 37, 57, 57], [337, 37, 57, 57], [340, 37, 57, 57], [342, 37, 57, 57], [340, 40, 57, 57], [337, 43, 57, 57], [345, 43, 57, 57], [522, 86, 57, 57], [516, 88, 57, 57], [519, 88, 57, 57], [522, 88, 57, 57], [516, 91, 57, 57], [519, 91, 57, 57], [522, 91, 57, 57], [519, 94, 57, 57], [148, 117, 57, 57], [46, 137, 57, 57], [146, 262, 57, 57], [419, 177, 57, 57], [422, 177, 57, 57], [143, 265, 57, 57], [146, 265, 57, 57], [51, 131, 57, 57], [419, 180, 57, 57], [422, 180, 57, 57], [425, 180, 57, 57], [160, 146, 57, 57], [43, 134, 57, 57], [148, 268, 57, 57], [46, 134, 57, 57], [419, 183, 57, 57], [422, 183, 57, 57], [519, 146, 57, 57], [49, 134, 57, 57], [425, 183, 57, 57], [511, 288, 57, 57], [514, 288, 57, 57], [422, 185, 57, 57], [511, 291, 57, 57], [254, 205, 57, 57], [257, 205, 57, 57], [254, 208, 57, 57], [257, 208, 57, 57], [260, 208, 57, 57], [331, 300, 57, 57], [334, 300, 57, 57], [331, 302, 57, 57], [334, 302, 57, 57], [331, 305, 57, 57], [334, 305, 57, 57], [331, 308, 57, 57], [334, 308, 57, 57], [339, 38, 63, 63], [254, 201, 63, 63], [251, 204, 63, 63], [254, 204, 63, 63], [257, 204, 63, 63], [336, 31, 63, 63], [339, 31, 63, 63], [144, 113, 63, 63], [333, 35, 63, 63], [254, 207, 63, 63], [148, 113, 63, 63], [336, 35, 63, 63], [339, 35, 63, 63], [342, 35, 63, 63], [521, 82, 63, 63], [518, 85, 63, 63], [521, 85, 63, 63], [524, 85, 63, 63], [518, 88, 63, 63], [521, 88, 63, 63], [524, 88, 63, 63], [527, 88, 63, 63], [44, 129, 63, 63], [47, 129, 63, 63], [518, 91, 63, 63], [50, 129, 63, 63], [521, 91, 63, 63], [19, 132, 63, 63], [41, 132, 63, 63], [44, 132, 63, 63], [47, 132, 63, 63], [505, 286, 63, 63], [508, 286, 63, 63], [512, 286, 63, 63], [515, 286, 63, 63], [44, 135, 63, 63], [521, 286, 63, 63], [47, 135, 63, 63], [50, 135, 63, 63], [512, 289, 63, 63], [515, 289, 63, 63], [543, 289, 63, 63], [508, 292, 63, 63], [512, 292, 63, 63], [270, 659, 63, 63], [333, 295, 63, 63], [512, 295, 63, 63], [154, 144, 63, 63], [157, 144, 63, 63], [330, 298, 63, 63], [333, 298, 63, 63], [160, 148, 63, 63], [330, 301, 63, 63], [333, 301, 63, 63], [336, 301, 63, 63], [330, 304, 63, 63], [333, 304, 63, 63], [144, 260, 63, 63], [148, 260, 63, 63], [141, 264, 63, 63], [144, 264, 63, 63], [148, 264, 63, 63], [144, 267, 63, 63], [148, 267, 63, 63], [417, 176, 63, 63], [421, 176, 63, 63], [424, 176, 63, 63], [414, 179, 63, 63], [417, 179, 63, 63], [421, 179, 63, 63], [424, 179, 63, 63], [417, 182, 63, 63], [421, 182, 63, 63], [328, 31, 69, 69], [331, 31, 69, 69], [335, 31, 69, 69], [331, 35, 69, 69], [335, 35, 69, 69], [338, 35, 69, 69], [331, 38, 69, 69], [335, 38, 69, 69], [110, 41, 69, 69], [518, 79, 69, 69], [511, 83, 69, 69], [514, 83, 69, 69], [518, 83, 69, 69], [511, 86, 69, 69], [514, 86, 69, 69], [518, 86, 69, 69], [521, 86, 69, 69], [142, 110, 69, 69], [45, 124, 69, 69], [48, 124, 69, 69], [38, 128, 69, 69], [41, 128, 69, 69], [45, 128, 69, 69], [48, 128, 69, 69], [38, 131, 69, 69], [41, 131, 69, 69], [45, 131, 69, 69], [155, 138, 69, 69], [152, 142, 69, 69], [155, 142, 69, 69], [152, 145, 69, 69], [155, 145, 69, 69], [414, 173, 69, 69], [418, 173, 69, 69], [421, 173, 69, 69], [411, 176, 69, 69], [414, 176, 69, 69], [418, 176, 69, 69], [421, 176, 69, 69], [414, 180, 69, 69], [418, 180, 69, 69], [249, 197, 69, 69], [249, 200, 69, 69], [252, 200, 69, 69], [249, 204, 69, 69], [252, 204, 69, 69], [142, 259, 69, 69], [145, 259, 69, 69], [135, 262, 69, 69], [138, 262, 69, 69], [142, 262, 69, 69], [145, 262, 69, 69], [142, 266, 69, 69], [504, 280, 69, 69], [504, 283, 69, 69], [507, 283, 69, 69], [511, 283, 69, 69], [507, 287, 69, 69], [511, 287, 69, 69], [507, 290, 69, 69], [325, 293, 69, 69], [328, 293, 69, 69], [325, 297, 69, 69], [328, 297, 69, 69], [331, 297, 69, 69], [321, 300, 69, 69], [325, 300, 69, 69], [328, 300, 69, 69], [331, 300, 69, 69], [107, 735, 69, 69], [247, 197, 76, 76], [251, 197, 76, 76], [247, 201, 76, 76], [327, 27, 76, 76], [330, 27, 76, 76], [334, 27, 76, 76], [327, 30, 76, 76], [330, 30, 76, 76], [334, 30, 76, 76], [327, 34, 76, 76], [330, 34, 76, 76], [334, 34, 76, 76], [338, 34, 76, 76], [509, 80, 76, 76], [513, 80, 76, 76], [516, 80, 76, 76], [509, 84, 76, 76], [513, 84, 76, 76], [516, 84, 76, 76], [520, 84, 76, 76], [516, 87, 76, 76], [137, 106, 76, 76], [38, 122, 76, 76], [42, 122, 76, 76], [137, 254, 76, 76], [141, 254, 76, 76], [144, 254, 76, 76], [148, 137, 76, 76], [30, 125, 76, 76], [152, 137, 76, 76], [34, 125, 76, 76], [156, 137, 76, 76], [38, 125, 76, 76], [42, 125, 76, 76], [46, 125, 76, 76], [34, 129, 76, 76], [38, 129, 76, 76], [133, 258, 76, 76], [42, 129, 76, 76], [137, 258, 76, 76], [46, 129, 76, 76], [141, 258, 76, 76], [152, 141, 76, 76], [144, 258, 76, 76], [156, 141, 76, 76], [509, 76, 76, 76], [513, 76, 76, 76], [516, 76, 76, 76], [133, 262, 76, 76], [137, 262, 76, 76], [141, 262, 76, 76], [144, 262, 76, 76], [414, 167, 76, 76], [418, 167, 76, 76], [410, 171, 76, 76], [414, 171, 76, 76], [418, 171, 76, 76], [422, 171, 76, 76], [410, 175, 76, 76], [414, 175, 76, 76], [509, 277, 76, 76], [418, 175, 76, 76], [501, 281, 76, 76], [505, 281, 76, 76], [509, 281, 76, 76], [319, 292, 76, 76], [323, 292, 76, 76], [327, 292, 76, 76], [330, 292, 76, 76], [501, 285, 76, 76], [319, 296, 76, 76], [323, 296, 76, 76], [505, 285, 76, 76], [327, 296, 76, 76], [330, 296, 76, 76], [509, 285, 76, 76], [319, 300, 76, 76], [323, 300, 76, 76], [327, 300, 76, 76], [319, 289, 76, 76], [505, 289, 76, 76], [405, 167, 84, 84], [409, 167, 84, 84], [414, 167, 84, 84], [405, 171, 84, 84], [497, 276, 84, 84], [409, 171, 84, 84], [501, 276, 84, 84], [505, 276, 84, 84], [418, 171, 84, 84], [497, 280, 84, 84], [501, 280, 84, 84], [330, 21, 84, 84], [505, 280, 84, 84], [497, 284, 84, 84], [501, 284, 84, 84], [505, 284, 84, 84], [326, 25, 84, 84], [510, 284, 84, 84], [330, 25, 84, 84], [313, 288, 84, 84], [317, 288, 84, 84], [322, 288, 84, 84], [326, 288, 84, 84], [322, 29, 84, 84], [330, 29, 84, 84], [242, 196, 84, 84], [334, 29, 84, 84], [313, 292, 84, 84], [317, 292, 84, 84], [322, 292, 84, 84], [326, 292, 84, 84], [317, 297, 84, 84], [322, 297, 84, 84], [326, 297, 84, 84], [134, 251, 84, 84], [138, 251, 84, 84], [510, 71, 84, 84], [129, 255, 84, 84], [505, 75, 84, 84], [134, 255, 84, 84], [134, 104, 84, 84], [510, 75, 84, 84], [138, 255, 84, 84], [514, 75, 84, 84], [505, 79, 84, 84], [129, 259, 84, 84], [510, 79, 84, 84], [134, 259, 84, 84], [138, 259, 84, 84], [514, 79, 84, 84], [142, 134, 84, 84], [146, 134, 84, 84], [150, 134, 84, 84], [33, 117, 84, 84], [38, 117, 84, 84], [505, 84, 84, 84], [510, 84, 84, 84], [134, 263, 84, 84], [146, 138, 84, 84], [150, 138, 84, 84], [33, 121, 84, 84], [38, 121, 84, 84], [42, 121, 84, 84], [29, 125, 84, 84], [33, 125, 84, 84], [38, 125, 84, 84], [42, 125, 84, 84], [38, 129, 84, 84], [146, 129, 84, 84], [405, 163, 84, 84], [409, 163, 84, 84], [409, 165, 92, 92], [414, 165, 92, 92], [326, 23, 92, 92], [32, 115, 92, 92], [37, 115, 92, 92], [32, 119, 92, 92], [37, 119, 92, 92], [41, 119, 92, 92], [142, 124, 92, 92], [147, 124, 92, 92], [142, 129, 92, 92], [147, 129, 92, 92], [152, 129, 92, 92], [505, 69, 92, 92], [129, 248, 92, 92], [133, 248, 92, 92], [138, 248, 92, 92], [147, 133, 92, 92], [505, 74, 92, 92], [510, 74, 92, 92], [515, 74, 92, 92], [312, 289, 92, 92], [317, 289, 92, 92], [322, 289, 92, 92], [124, 253, 92, 92], [129, 253, 92, 92], [133, 253, 92, 92], [138, 253, 92, 92], [505, 78, 92, 92], [129, 244, 92, 92], [129, 257, 92, 92], [133, 244, 92, 92], [133, 257, 92, 92], [501, 267, 92, 92], [409, 161, 92, 92], [414, 161, 92, 92], [496, 271, 92, 92], [501, 271, 92, 92], [505, 271, 92, 92], [501, 276, 92, 92], [505, 276, 92, 92], [496, 280, 92, 92], [501, 280, 92, 92], [505, 280, 92, 92], [312, 285, 92, 92], [317, 285, 92, 92], [322, 285, 92, 92], [326, 285, 92, 92], [500, 71, 101, 101], [404, 157, 101, 101], [25, 111, 101, 101], [30, 111, 101, 101], [25, 116, 101, 101], [30, 116, 101, 101], [136, 121, 101, 101], [142, 126, 101, 101], [490, 263, 101, 101], [495, 268, 101, 101], [500, 268, 101, 101], [490, 273, 101, 101], [495, 273, 101, 101], [500, 273, 101, 101], [121, 243, 101, 101], [126, 243, 101, 101], [308, 283, 101, 101], [313, 283, 101, 101], [121, 248, 101, 101], [126, 248, 101, 101], [131, 248, 101, 101], [303, 288, 101, 101], [308, 288, 101, 101], [313, 288, 101, 101], [22, 106, 111, 111], [22, 111, 111, 111], [122, 245, 111, 111], [484, 267, 111, 111], [489, 267, 111, 111], [495, 267, 111, 111], [489, 272, 111, 111], [306, 278, 111, 111], [306, 284, 111, 111], [367, 188, 179, 179], [22, 33, 217, 217], [325, 173, 217, 217], [0, 14, 288, 288]]}, {"min_neighbors": 1, "scale": 1.1, "faces": [[337, 35, 64, 64], [256, 205, 59, 59], [517, 84, 69, 69], [139, 258, 76, 76], [418, 176, 67, 67], [40, 126, 76, 76], [259, 666, 49, 49], [325, 296, 75, 75], [504, 281, 79, 79], [142, 110, 69, 69], [150, 136, 80, 80]]}, {"min_neighbors": 2, "scale": 1.1, "faces": [[337, 35, 64, 64], [256, 205, 59, 59], [418, 176, 67, 67], [139, 258, 76, 76], [517, 84, 69, 69], [259, 666, 49, 49], [325, 296, 75, 75], [40, 126, 76, 76], [504, 281, 79, 79], [142, 110, 69, 69], [150, 136, 80, 80]]}, {"min_neighbors": 3, "scale": 1.1, "faces": [[337, 35, 64, 64], [256, 205, 59, 59], [418, 176, 67, 67], [517, 84, 69, 69], [139, 258, 76, 76], [40, 126, 76, 76], [325, 296, 75, 75], [504, 281, 79, 79], [142, 110, 69, 69], [150, 136, 80, 80]]}, {"min_neighbors": 4, "scale": 1.1, "faces": [[337, 35, 64, 64], [256, 205, 59, 59], [139, 258, 76, 76], [418, 176, 67, 67], [517, 84, 69, 69], [40, 126, 76, 76], [325, 296, 75, 75], [504, 281, 79, 79], [142, 110, 69, 69], [150, 136, 80, 80]]}, {"min_neighbors": 5, "scale": 1.1, "faces": [[337, 35, 64, 64], [256, 205, 59, 59], [517, 84, 69, 69], [139, 258, 76, 76], [418, 176, 67, 67], [40, 126, 76, 76], [325, 296, 75, 75], [504, 281, 79, 79], [142, 110, 69, 69], [150, 136, 80, 80]]}, {"min_neighbors": 6, "scale": 1.1, "faces": [[337, 35, 64, 64], [256, 205, 59, 59], [517, 84, 69, 69], [139, 258, 76, 76], [418, 176, 67, 67], [40, 126, 76, 76], [325, 296, 75, 75], [504, 281, 79, 79], [150, 136, 80, 80]]}], "plays.gif": [{"min_neighbors": 0, "scale": 1.1, "faces": [[354, 271, 22, 22], [207, 301, 22, 22], [216, 508, 22, 22], [33, 616, 22, 22], [373, 27, 24, 24], [469, 36, 24, 24], [506, 87, 24, 24], [116, 433, 24, 24], [330, 85, 27, 27], [274, 466, 27, 27], [402, 106, 27, 27], [498, 178, 27, 27], [328, 85, 29, 29], [331, 85, 29, 29], [398, 105, 29, 29], [467, 32, 32, 32], [329, 84, 32, 32], [483, 84, 32, 32], [399, 103, 32, 32], [397, 103, 35, 35], [326, 81, 35, 35], [138, 570, 35, 35], [394, 101, 39, 39], [323, 82, 39, 39], [73, 96, 43, 43], [392, 99, 43, 43], [390, 101, 43, 43], [169, 111, 43, 43], [17, 129, 43, 43], [319, 77, 43, 43], [58, 645, 43, 43], [60, 645, 43, 43], [319, 79, 43, 43], [322, 79, 43, 43], [322, 81, 43, 43], [321, 75, 47, 47], [318, 78, 47, 47], [321, 78, 47, 47], [45, 97, 47, 47], [323, 78, 47, 47], [319, 73, 52, 52], [425, 373, 52, 52], [428, 373, 52, 52], [316, 75, 52, 52], [319, 75, 52, 52], [163, 109, 52, 52], [52, 643, 52, 52], [40, 91, 57, 57], [377, 200, 57, 57], [49, 639, 57, 57], [314, 69, 63, 63], [368, 50, 84, 84], [358, 46, 92, 92], [23, 556, 92, 92], [28, 556, 92, 92], [25, 546, 101, 101], [20, 551, 101, 101], [30, 551, 101, 101], [25, 556, 101, 101], [17, 545, 111, 111], [17, 550, 111, 111], [22, 550, 111, 111], [12, 550, 122, 122], [18, 550, 122, 122], [6, 538, 122, 122], [12, 538, 122, 122], [18, 538, 122, 122], [6, 544, 122, 122], [12, 544, 122, 122], [0, 531, 135, 135], [13, 531, 135, 135], [0, 538, 135, 135], [7, 538, 135, 135], [13, 538, 135, 135], [7, 545, 135, 135], [13, 545, 135, 135], [0, 525, 148, 148], [7, 525, 148, 148], [0, 533, 148, 148], [7, 533, 148, 148], [17, 157, 349, 349]]}, {"min_neighbors": 1, "scale": 1.1, "faces": [[396, 103, 35, 35], [322, 79, 43, 43], [55, 643, 49, 49], [166, 110, 48, 48], [42, 94, 52, 52], [426, 373, 52, 52], [363, 48, 88, 88], [13, 542, 123, 123]]}, {"min_neighbors": 2, "scale": 1.1, "faces": [[396, 103, 35, 35], [322, 79, 43, 43], [55, 643, 49, 49], [13, 542, 123, 123]]}, {"min_neighbors": 3, "scale": 1.1, "faces": [[396, 103, 35, 35], [322, 79, 43, 43], [55, 643, 49, 49], [13, 542, 123, 123]]}, {"min_neighbors": 4, "scale": 1.1, "faces": [[396, 103, 35, 35], [322, 79, 43, 43], [13, 542, 123, 123]]}, {"min_neighbors": 5, "scale": 1.1, "faces": [[396, 103, 35, 35], [322, 79, 43, 43], [13, 542, 123, 123]]}, {"min_neighbors": 6, "scale": 1.1, "faces": [[322, 79, 43, 43], [396, 103, 35, 35], [13, 542, 123, 123]]}], "cluttered-tahoe.gif": [{"min_neighbors": 0, "scale": 1.1, "faces": [[248, 392, 20, 20], [191, 205, 22, 22], [246, 187, 22, 22], [143, 526, 22, 22], [41, 247, 24, 24], [192, 69, 27, 27], [206, 152, 43, 43]]}, {"min_neighbors": 1, "scale": 1.1, "faces": []}, {"min_neighbors": 2, "scale": 1.1, "faces": []}, {"min_neighbors": 3, "scale": 1.1, "faces": []}, {"min_neighbors": 4, "scale": 1.1, "faces": []}, {"min_neighbors": 5, "scale": 1.1, "faces": []}, {"min_neighbors": 6, "scale": 1.1, "faces": []}], "me.gif": [{"min_neighbors": 0, "scale": 1.1, "faces": [[138, 32, 27, 27], [132, 29, 29, 29], [138, 29, 29, 29], [135, 29, 32, 32], [139, 29, 32, 32], [135, 28, 35, 35], [138, 28, 35, 35], [133, 23, 39, 39], [129, 27, 39, 39], [133, 27, 39, 39], [129, 24, 43, 43], [131, 24, 43, 43], [133, 24, 43, 43], [129, 26, 43, 43], [131, 26, 43, 43], [133, 26, 43, 43], [129, 28, 43, 43], [131, 28, 43, 43], [30, 103, 43, 43], [127, 21, 47, 47], [130, 21, 47, 47], [127, 24, 47, 47], [130, 24, 47, 47], [132, 24, 47, 47], [127, 26, 47, 47], [130, 26, 47, 47], [127, 18, 52, 52], [124, 21, 52, 52], [127, 21, 52, 52], [127, 23, 52, 52], [126, 20, 57, 57]]}, {"min_neighbors": 1, "scale": 1.1, "faces": [[131, 25, 43, 43]]}, {"min_neighbors": 2, "scale": 1.1, "faces": [[131, 25, 43, 43]]}, {"min_neighbors": 3, "scale": 1.1, "faces": [[131, 25, 43, 43]]}, {"min_neighbors": 4, "scale": 1.1, "faces": [[131, 25, 43, 43]]}, {"min_neighbors": 5, "scale": 1.1, "faces": [[131, 25, 43, 43]]}, {"min_neighbors": 6, "scale": 1.1, "faces": [[131, 25, 43, 43]]}], "nens.gif": [{"min_neighbors": 0, "scale": 1.1, "faces": [[150, 11, 22, 22], [167, 99, 22, 22], [191, 161, 22, 22], [62, 103, 22, 22], [34, 160, 24, 24], [36, 160, 24, 24], [191, 160, 24, 24], [90, 162, 24, 24], [150, 10, 24, 24], [92, 162, 24, 24], [114, 162, 24, 24], [150, 12, 24, 24], [90, 165, 24, 24], [167, 97, 24, 24], [143, 167, 24, 24], [167, 99, 24, 24], [94, 24, 24, 24], [61, 102, 24, 24], [63, 102, 24, 24], [94, 27, 24, 24], [61, 104, 24, 24], [46, 34, 24, 24], [48, 34, 24, 24], [146, 11, 27, 27], [149, 11, 27, 27], [200, 19, 27, 27], [91, 24, 27, 27], [93, 24, 27, 27], [45, 32, 27, 27], [13, 83, 27, 27], [16, 83, 27, 27], [165, 93, 27, 27], [165, 96, 27, 27], [168, 96, 27, 27], [59, 101, 27, 27], [114, 104, 27, 27], [117, 104, 27, 27], [35, 157, 27, 27], [88, 162, 27, 27], [91, 162, 27, 27], [138, 165, 27, 27], [141, 165, 27, 27], [91, 184, 27, 27], [146, 9, 29, 29], [196, 18, 29, 29], [199, 18, 29, 29], [91, 23, 29, 29], [94, 23, 29, 29], [44, 29, 29, 29], [44, 32, 29, 29], [12, 82, 29, 29], [164, 94, 29, 29], [167, 94, 29, 29], [164, 97, 29, 29], [59, 100, 29, 29], [59, 102, 29, 29], [114, 102, 29, 29], [117, 102, 29, 29], [32, 155, 29, 29], [32, 158, 29, 29], [184, 158, 29, 29], [187, 158, 29, 29], [85, 161, 29, 29], [88, 161, 29, 29], [138, 164, 29, 29], [141, 164, 29, 29], [145, 6, 32, 32], [145, 10, 32, 32], [196, 16, 32, 32], [90, 23, 32, 32], [42, 29, 32, 32], [45, 29, 32, 32], [42, 32, 32, 32], [10, 81, 32, 32], [13, 81, 32, 32], [164, 93, 32, 32], [58, 97, 32, 32], [58, 100, 32, 32], [113, 100, 32, 32], [113, 103, 32, 32], [29, 155, 32, 32], [32, 155, 32, 32], [29, 158, 32, 32], [87, 158, 32, 32], [184, 158, 32, 32], [187, 158, 32, 32], [87, 161, 32, 32], [135, 164, 32, 32], [139, 164, 32, 32], [145, 4, 35, 35], [145, 7, 35, 35], [195, 14, 35, 35], [11, 78, 35, 35], [89, 18, 35, 35], [89, 21, 35, 35], [163, 92, 35, 35], [43, 28, 35, 35], [57, 96, 35, 35], [57, 99, 35, 35], [110, 99, 35, 35], [113, 99, 35, 35], [28, 156, 35, 35], [32, 156, 35, 35], [71, 46, 35, 35], [85, 156, 35, 35], [184, 156, 35, 35], [85, 159, 35, 35], [138, 163, 35, 35], [140, 4, 39, 39], [8, 78, 39, 39], [27, 152, 39, 39], [179, 152, 39, 39], [183, 152, 39, 39], [160, 90, 39, 39], [82, 156, 39, 39], [55, 94, 39, 39], [39, 27, 39, 39], [55, 97, 39, 39], [109, 97, 39, 39], [70, 47, 39, 39], [26, 150, 43, 43], [28, 150, 43, 43], [180, 150, 43, 43], [137, 2, 43, 43], [139, 2, 43, 43], [69, 45, 43, 43], [6, 73, 43, 43], [79, 152, 43, 43], [139, 4, 43, 43], [4, 75, 43, 43], [6, 75, 43, 43], [9, 75, 43, 43], [79, 154, 43, 43], [4, 77, 43, 43], [81, 154, 43, 43], [6, 77, 43, 43], [191, 11, 43, 43], [79, 156, 43, 43], [81, 156, 43, 43], [189, 13, 43, 43], [131, 156, 43, 43], [191, 13, 43, 43], [26, 148, 43, 43], [133, 159, 43, 43], [84, 17, 43, 43], [86, 17, 43, 43], [36, 24, 43, 43], [39, 24, 43, 43], [159, 88, 43, 43], [34, 26, 43, 43], [36, 26, 43, 43], [39, 26, 43, 43], [51, 92, 43, 43], [107, 210, 43, 43], [49, 94, 43, 43], [51, 94, 43, 43], [54, 94, 43, 43], [107, 96, 43, 43], [139, 0, 47, 47], [137, 2, 47, 47], [139, 2, 47, 47], [2, 75, 47, 47], [5, 75, 47, 47], [52, 92, 47, 47], [24, 151, 47, 47], [78, 153, 47, 47], [80, 153, 47, 47], [78, 156, 47, 47], [137, 0, 52, 52], [16, 54, 52, 52], [3, 73, 52, 52], [66, 35, 63, 63], [19, 163, 63, 63]]}, {"min_neighbors": 1, "scale": 1.1, "faces": [[143, 6, 36, 36], [165, 94, 30, 30], [57, 98, 34, 34], [185, 156, 32, 32], [30, 155, 34, 34], [90, 22, 32, 32], [41, 29, 35, 35], [84, 158, 36, 36], [138, 163, 32, 32], [113, 101, 33, 33], [8, 78, 39, 39], [195, 15, 35, 35], [70, 46, 39, 39]]}, {"min_neighbors": 2, "scale": 1.1, "faces": [[143, 6, 36, 36], [185, 156, 32, 32], [165, 94, 30, 30], [57, 98, 34, 34], [90, 22, 32, 32], [30, 155, 34, 34], [41, 29, 35, 35], [84, 158, 36, 36], [138, 163, 32, 32], [113, 101, 33, 33], [195, 15, 35, 35], [8, 78, 39, 39], [70, 46, 39, 39]]}, {"min_neighbors": 3, "scale": 1.1, "faces": [[143, 6, 36, 36], [185, 156, 32, 32], [165, 94, 30, 30], [57, 98, 34, 34], [90, 22, 32, 32], [41, 29, 35, 35], [30, 155, 34, 34], [84, 158, 36, 36], [138, 163, 32, 32], [195, 15, 35, 35], [113, 101, 33, 33], [8, 78, 39, 39]]}, {"min_neighbors": 4, "scale": 1.1, "faces": [[185, 156, 32, 32], [143, 6, 36, 36], [165, 94, 30, 30], [57, 98, 34, 34], [30, 155, 34, 34], [90, 22, 32, 32], [41, 29, 35, 35], [84, 158, 36, 36], [138, 163, 32, 32], [113, 101, 33, 33], [8, 78, 39, 39], [195, 15, 35, 35]]}, {"min_neighbors": 5, "scale": 1.1, "faces": [[143, 6, 36, 36], [165, 94, 30, 30], [57, 98, 34, 34], [185, 156, 32, 32], [30, 155, 34, 34], [90, 22, 32, 32], [41, 29, 35, 35], [84, 158, 36, 36], [138, 163, 32, 32], [113, 101, 33, 33], [8, 78, 39, 39], [195, 15, 35, 35]]}, {"min_neighbors": 6, "scale": 1.1, "faces": [[143, 6, 36, 36], [165, 94, 30, 30], [185, 156, 32, 32], [57, 98, 34, 34], [30, 155, 34, 34], [90, 22, 32, 32], [41, 29, 35, 35], [84, 158, 36, 36], [138, 163, 32, 32], [113, 101, 33, 33], [8, 78, 39, 39], [195, 15, 35, 35]]}], "book.gif": [{"min_neighbors": 0, "scale": 1.1, "faces": [[130, 350, 22, 22], [164, 366, 29, 29], [88, 375, 29, 29], [32, 706, 29, 29], [199, 706, 29, 29], [164, 364, 32, 32], [164, 367, 32, 32], [84, 374, 32, 32], [87, 374, 32, 32], [163, 361, 35, 35], [163, 365, 35, 35], [167, 365, 35, 35], [81, 372, 35, 35], [85, 372, 35, 35], [164, 362, 39, 39], [82, 370, 39, 39], [118, 2, 43, 43], [30, 266, 43, 43], [81, 369, 43, 43], [163, 360, 43, 43], [159, 362, 43, 43], [161, 362, 43, 43], [163, 362, 43, 43], [101, 31, 52, 52], [43, 498, 217, 217]]}, {"min_neighbors": 1, "scale": 1.1, "faces": [[163, 363, 37, 37], [84, 372, 35, 35]]}, {"min_neighbors": 2, "scale": 1.1, "faces": [[163, 363, 37, 37], [84, 372, 35, 35]]}, {"min_neighbors": 3, "scale": 1.1, "faces": [[163, 363, 37, 37], [84, 372, 35, 35]]}, {"min_neighbors": 4, "scale": 1.1, "faces": [[163, 363, 37, 37], [84, 372, 35, 35]]}, {"min_neighbors": 5, "scale": 1.1, "faces": [[163, 363, 37, 37], [84, 372, 35, 35]]}, {"min_neighbors": 6, "scale": 1.1, "faces": [[163, 363, 37, 37], [84, 372, 35, 35]]}], "pace-university-double.gif": [{"min_neighbors": 0, "scale": 1.1, "faces": [[64, 8, 20, 20], [682, 8, 20, 20], [728, 10, 20, 20], [160, 262, 20, 20], [366, 268, 20, 20], [366, 28, 20, 20], [470, 306, 20, 20], [304, 308, 20, 20], [656, 406, 20, 20], [2, 338, 20, 20], [196, 398, 20, 20], [194, 124, 20, 20], [126, 128, 20, 20], [206, 232, 20, 20], [316, 238, 20, 20], [478, 222, 20, 20], [694, 150, 20, 20], [156, 66, 20, 20], [62, 174, 20, 20], [102, 176, 20, 20], [186, 116, 20, 20], [320, 52, 20, 20], [82, 58, 20, 20], [506, 58, 20, 20], [81, 57, 22, 22], [205, 231, 22, 22], [506, 57, 22, 22], [466, 123, 22, 22], [315, 238, 22, 22], [11, 240, 22, 22], [350, 244, 22, 22], [356, 244, 22, 22], [97, 167, 22, 22], [156, 141, 22, 22], [528, 251, 22, 22], [15, 86, 22, 22], [158, 262, 22, 22], [733, 152, 22, 22], [13, 268, 22, 22], [403, 156, 22, 22], [0, 337, 22, 22], [156, 163, 22, 22], [354, 196, 22, 22], [717, 273, 22, 22], [713, 282, 22, 22], [321, 222, 22, 22], [304, 321, 22, 22], [306, 321, 22, 22], [108, 389, 22, 22], [282, 328, 22, 22], [253, 392, 22, 22], [801, 394, 22, 22], [467, 123, 24, 24], [58, 63, 24, 24], [707, 65, 24, 24], [283, 327, 24, 24], [651, 397, 24, 24], [140, 390, 24, 24], [644, 45, 27, 27], [269, 53, 27, 27], [35, 287, 27, 27], [128, 306, 27, 27], [59, 170, 27, 27], [280, 325, 27, 27], [712, 111, 29, 29], [747, 261, 29, 29], [126, 305, 29, 29], [59, 389, 29, 29], [591, 319, 29, 29], [52, 71, 32, 32], [266, 237, 35, 35], [602, 319, 35, 35], [343, 207, 39, 39], [0, 94, 39, 39], [776, 103, 43, 43], [107, 240, 43, 43], [6, 90, 43, 43], [9, 90, 43, 43], [6, 92, 43, 43], [341, 206, 43, 43], [457, 92, 43, 43], [454, 94, 43, 43], [454, 96, 43, 43], [598, 317, 43, 43], [453, 92, 47, 47], [455, 92, 47, 47], [568, 94, 47, 47], [568, 97, 47, 47], [356, 80, 47, 47], [351, 83, 47, 47], [354, 83, 47, 47], [356, 83, 47, 47], [5, 87, 47, 47], [5, 90, 47, 47], [7, 90, 47, 47], [453, 90, 47, 47], [455, 90, 47, 47], [565, 34, 52, 52], [353, 83, 52, 52], [5, 86, 52, 52], [565, 93, 52, 52], [685, 86, 52, 52], [3, 88, 52, 52], [449, 88, 52, 52], [451, 88, 52, 52], [454, 88, 52, 52], [773, 99, 52, 52], [773, 101, 52, 52], [449, 91, 52, 52], [451, 91, 52, 52], [353, 78, 52, 52], [355, 78, 52, 52], [350, 80, 52, 52], [353, 80, 52, 52], [559, 91, 57, 57], [559, 94, 57, 57], [562, 94, 57, 57], [228, 114, 57, 57], [770, 100, 57, 57], [345, 74, 57, 57], [348, 74, 57, 57], [351, 74, 57, 57], [345, 77, 57, 57], [348, 77, 57, 57], [351, 77, 57, 57], [348, 80, 57, 57], [200, 231, 57, 57], [0, 83, 57, 57], [6, 83, 57, 57], [682, 83, 57, 57], [0, 86, 57, 57], [3, 86, 57, 57], [445, 86, 57, 57], [448, 86, 57, 57], [451, 86, 57, 57], [679, 86, 57, 57], [445, 88, 57, 57], [448, 88, 57, 57], [425, 288, 57, 57], [226, 113, 63, 63], [678, 82, 63, 63], [681, 82, 63, 63], [446, 85, 63, 63], [449, 85, 63, 63], [678, 85, 63, 63], [562, 88, 63, 63], [559, 91, 63, 63], [562, 91, 63, 63], [345, 72, 63, 63], [348, 72, 63, 63], [345, 75, 63, 63], [556, 86, 69, 69], [559, 86, 69, 69], [342, 72, 69, 69], [673, 79, 69, 69], [677, 79, 69, 69], [668, 76, 76, 76], [672, 76, 76, 76], [437, 80, 76, 76], [554, 84, 76, 76], [224, 106, 76, 76], [221, 104, 84, 84], [668, 71, 84, 84], [666, 69, 92, 92], [178, 244, 148, 148]]}, {"min_neighbors": 1, "scale": 1.1, "faces": [[159, 262, 21, 21], [60, 172, 24, 24], [1, 338, 21, 21], [82, 58, 21, 21], [206, 232, 21, 21], [506, 58, 21, 21], [316, 238, 21, 21], [305, 321, 22, 22], [282, 327, 24, 24], [127, 306, 28, 28], [600, 318, 39, 39], [342, 206, 41, 41], [773, 101, 51, 51], [5, 88, 50, 50], [450, 89, 53, 53], [561, 91, 60, 60], [350, 78, 55, 55], [676, 80, 68, 68], [225, 109, 70, 70]]}, {"min_neighbors": 2, "scale": 1.1, "faces": [[282, 327, 24, 24], [773, 101, 51, 51], [5, 88, 50, 50], [450, 89, 53, 53], [350, 78, 55, 55], [561, 91, 60, 60], [676, 80, 68, 68], [225, 109, 70, 70]]}, {"min_neighbors": 3, "scale": 1.1, "faces": [[773, 101, 51, 51], [5, 88, 50, 50], [450, 89, 53, 53], [561, 91, 60, 60], [350, 78, 55, 55], [676, 80, 68, 68], [225, 109, 70, 70]]}, {"min_neighbors": 4, "scale": 1.1, "faces": [[5, 88, 50, 50], [450, 89, 53, 53], [561, 91, 60, 60], [350, 78, 55, 55], [676, 80, 68, 68]]}, {"min_neighbors": 5, "scale": 1.1, "faces": [[5, 88, 50, 50], [450, 89, 53, 53], [561, 91, 60, 60], [350, 78, 55, 55], [676, 80, 68, 68]]}, {"min_neighbors": 6, "scale": 1.1, "faces": [[5, 88, 50, 50], [450, 89, 53, 53], [561, 91, 60, 60], [350, 78, 55, 55], [676, 80, 68, 68]]}], "cpd.gif": [{"min_neighbors": 0, "scale": 1.1, "faces": [[363, 143, 29, 29], [126, 137, 57, 57], [308, 95, 76, 76], [301, 92, 84, 84], [299, 87, 92, 92], [303, 92, 92, 92], [156, 106, 111, 111], [153, 98, 122, 122], [147, 104, 122, 122], [147, 110, 122, 122], [153, 110, 122, 122], [159, 110, 122, 122], [148, 94, 135, 135], [141, 101, 135, 135], [141, 108, 135, 135], [148, 108, 135, 135], [148, 114, 135, 135], [133, 89, 148, 148], [141, 89, 148, 148], [126, 96, 148, 148], [133, 96, 148, 148], [141, 96, 148, 148], [141, 104, 148, 148], [122, 81, 163, 163], [130, 81, 163, 163], [122, 90, 163, 163], [130, 90, 163, 163], [138, 90, 163, 163], [130, 98, 163, 163], [138, 98, 163, 163], [116, 72, 179, 179], [125, 72, 179, 179], [116, 81, 179, 179], [125, 81, 179, 179], [134, 81, 179, 179], [125, 90, 179, 179], [118, 59, 197, 197], [118, 69, 197, 197], [128, 69, 197, 197], [118, 79, 197, 197], [108, 54, 217, 217]]}, {"min_neighbors": 1, "scale": 1.1, "faces": [[303, 92, 86, 86], [134, 91, 157, 157]]}, {"min_neighbors": 2, "scale": 1.1, "faces": [[303, 92, 86, 86], [134, 91, 157, 157]]}, {"min_neighbors": 3, "scale": 1.1, "faces": [[303, 92, 86, 86], [134, 91, 157, 157]]}, {"min_neighbors": 4, "scale": 1.1, "faces": [[134, 91, 157, 157]]}, {"min_neighbors": 5, "scale": 1.1, "faces": [[134, 91, 157, 157]]}, {"min_neighbors": 6, "scale": 1.1, "faces": [[134, 91, 157, 157]]}], "next.gif": [{"min_neighbors": 0, "scale": 1.1, "faces": [[273, 143, 22, 22], [147, 26, 22, 22], [271, 140, 24, 24], [90, 155, 24, 24], [138, 24, 24, 24], [211, 44, 24, 24], [182, 133, 24, 24], [69, 11, 27, 27], [136, 24, 27, 27], [138, 24, 27, 27], [210, 45, 27, 27], [181, 130, 27, 27], [88, 154, 27, 27], [272, 141, 27, 27], [269, 138, 29, 29], [132, 23, 29, 29], [135, 23, 29, 29], [269, 141, 29, 29], [85, 152, 29, 29], [88, 152, 29, 29], [208, 44, 29, 29], [68, 6, 32, 32], [132, 19, 32, 32], [177, 129, 32, 32], [271, 139, 32, 32], [209, 42, 32, 32], [84, 151, 32, 32], [87, 151, 32, 32], [67, 4, 35, 35], [131, 18, 35, 35], [174, 128, 35, 35], [177, 128, 35, 35], [131, 21, 35, 35], [269, 135, 35, 35], [206, 39, 35, 35], [81, 149, 35, 35], [85, 149, 35, 35], [175, 125, 39, 39], [265, 133, 39, 39], [129, 19, 39, 39], [133, 19, 39, 39], [82, 148, 39, 39], [124, 17, 43, 43], [126, 17, 43, 43], [129, 17, 43, 43], [79, 144, 43, 43], [79, 146, 43, 43], [81, 146, 43, 43], [171, 122, 43, 43], [174, 122, 43, 43], [77, 148, 43, 43], [79, 148, 43, 43], [171, 124, 43, 43], [174, 124, 43, 43], [171, 126, 43, 43], [264, 131, 43, 43], [262, 133, 43, 43], [264, 133, 43, 43], [266, 133, 43, 43], [170, 123, 47, 47], [259, 130, 47, 47], [262, 130, 47, 47], [75, 144, 47, 47], [78, 144, 47, 47], [75, 146, 47, 47], [78, 146, 47, 47], [166, 119, 52, 52], [169, 119, 52, 52]]}, {"min_neighbors": 1, "scale": 1.1, "faces": [[267, 136, 36, 36], [132, 20, 34, 34], [82, 148, 38, 38], [209, 43, 29, 29], [174, 125, 40, 40], [68, 7, 31, 31]]}, {"min_neighbors": 2, "scale": 1.1, "faces": [[267, 136, 36, 36], [82, 148, 38, 38], [174, 125, 40, 40], [209, 43, 29, 29], [132, 20, 34, 34], [68, 7, 31, 31]]}, {"min_neighbors": 3, "scale": 1.1, "faces": [[267, 136, 36, 36], [82, 148, 38, 38], [132, 20, 34, 34], [209, 43, 29, 29], [174, 125, 40, 40]]}, {"min_neighbors": 4, "scale": 1.1, "faces": [[267, 136, 36, 36], [132, 20, 34, 34], [209, 43, 29, 29], [174, 125, 40, 40], [82, 148, 38, 38]]}, {"min_neighbors": 5, "scale": 1.1, "faces": [[267, 136, 36, 36], [132, 20, 34, 34], [82, 148, 38, 38], [174, 125, 40, 40]]}, {"min_neighbors": 6, "scale": 1.1, "faces": [[267, 136, 36, 36], [82, 148, 38, 38], [132, 20, 34, 34], [174, 125, 40, 40]]}], "tress-photo.gif": [{"min_neighbors": 0, "scale": 1.1, "faces": [[171, 139, 32, 32], [170, 138, 35, 35], [150, 145, 52, 52], [141, 133, 76, 76]]}, {"min_neighbors": 1, "scale": 1.1, "faces": [[170, 138, 34, 34]]}, {"min_neighbors": 2, "scale": 1.1, "faces": []}, {"min_neighbors": 3, "scale": 1.1, "faces": []}, {"min_neighbors": 4, "scale": 1.1, "faces": []}, {"min_neighbors": 5, "scale": 1.1, "faces": []}, {"min_neighbors": 6, "scale": 1.1, "faces": []}], "larroquette.gif": [{"min_neighbors": 0, "scale": 1.1, "faces": [[150, 434, 20, 20], [158, 30, 20, 20], [180, 256, 20, 20], [450, 256, 20, 20], [264, 145, 22, 22], [134, 152, 22, 22], [114, 103, 22, 22], [182, 131, 24, 24], [261, 143, 24, 24], [133, 150, 24, 24], [136, 150, 24, 24], [344, 152, 24, 24], [34, 63, 24, 24], [102, 220, 24, 24], [104, 220, 24, 24], [220, 94, 24, 24], [293, 259, 24, 24], [218, 93, 27, 27], [112, 101, 27, 27], [181, 128, 27, 27], [181, 130, 27, 27], [261, 144, 27, 27], [133, 149, 27, 27], [333, 149, 27, 27], [133, 152, 27, 27], [333, 152, 27, 27], [104, 218, 27, 27], [108, 12, 29, 29], [179, 129, 29, 29], [182, 129, 29, 29], [220, 91, 29, 29], [100, 220, 29, 29], [132, 149, 29, 29], [261, 141, 29, 29], [331, 149, 29, 29], [220, 94, 29, 29], [108, 100, 29, 29], [111, 100, 29, 29], [177, 126, 32, 32], [258, 139, 32, 32], [258, 142, 32, 32], [129, 148, 32, 32], [132, 148, 32, 32], [329, 148, 32, 32], [97, 216, 32, 32], [100, 216, 32, 32], [74, 110, 32, 32], [326, 145, 35, 35], [330, 145, 35, 35], [177, 124, 35, 35], [96, 213, 35, 35], [99, 213, 35, 35], [174, 128, 35, 35], [177, 128, 35, 35], [96, 216, 35, 35], [99, 216, 35, 35], [255, 138, 35, 35], [216, 89, 35, 35], [106, 96, 35, 35], [175, 125, 39, 39], [257, 136, 39, 39], [94, 214, 39, 39], [97, 214, 39, 39], [129, 144, 39, 39], [327, 144, 39, 39], [105, 94, 39, 39], [251, 135, 43, 43], [253, 135, 43, 43], [255, 135, 43, 43], [257, 135, 43, 43], [251, 137, 43, 43], [253, 137, 43, 43], [255, 137, 43, 43], [124, 144, 43, 43], [126, 144, 43, 43], [118, 167, 43, 43], [212, 86, 43, 43], [92, 210, 43, 43], [94, 210, 43, 43], [92, 212, 43, 43], [94, 212, 43, 43], [90, 210, 47, 47], [92, 210, 47, 47], [208, 43, 57, 57], [394, 311, 69, 69]]}, {"min_neighbors": 1, "scale": 1.1, "faces": [[257, 139, 36, 36], [131, 148, 31, 31], [109, 99, 30, 30], [178, 128, 31, 31], [218, 91, 31, 31], [97, 214, 36, 36], [330, 147, 32, 32]]}, {"min_neighbors": 2, "scale": 1.1, "faces": [[257, 139, 36, 36], [131, 148, 31, 31], [109, 99, 30, 30], [178, 128, 31, 31], [97, 214, 36, 36], [218, 91, 31, 31], [330, 147, 32, 32]]}, {"min_neighbors": 3, "scale": 1.1, "faces": [[257, 139, 36, 36], [131, 148, 31, 31], [109, 99, 30, 30], [178, 128, 31, 31], [97, 214, 36, 36], [218, 91, 31, 31], [330, 147, 32, 32]]}, {"min_neighbors": 4, "scale": 1.1, "faces": [[257, 139, 36, 36], [131, 148, 31, 31], [109, 99, 30, 30], [218, 91, 31, 31], [178, 128, 31, 31], [97, 214, 36, 36], [330, 147, 32, 32]]}, {"min_neighbors": 5, "scale": 1.1, "faces": [[109, 99, 30, 30]