{"tommyrw.gif": [{"min_neighbors": 0, "scale": 1.1, "faces": [[52, 216, 20, 20], [89, 71, 35, 35], [86, 66, 39, 39], [84, 64, 43, 43], [86, 64, 43, 43], [88, 64, 43, 43], [84, 66, 43, 43], [86, 66, 43, 43], [88, 66, 43, 43], [83, 64, 47, 47], [85, 64, 47, 47], [83, 66, 47, 47], [80, 62, 52, 52], [80, 65, 52, 52], [77, 60, 57, 57]]}, {"min_neighbors": 1, "scale": 1.1, "faces": [[84, 65, 45, 45]]}, {"min_neighbors": 2, "scale": 1.1, "faces": [[84, 65, 45, 45]]}, {"min_neighbors": 3, "scale": 1.1, "faces": [[84, 65, 45, 45]]}, {"min_neighbors": 4, "scale": 1.1, "faces": [[84, 65, 45, 45]]}, {"min_neighbors": 5, "scale": 1.1, "faces": [[84, 65, 45, 45]]}, {"min_neighbors": 6, "scale": 1.1, "faces": [[84, 65, 45, 45]]}], "Colombia.gif": [{"min_neighbors": 0, "scale": 1.1, "faces": [[479, 317, 27, 27], [264, 44, 29, 29], [149, 59, 29, 29], [436, 214, 29, 29], [496, 64, 32, 32], [222, 206, 32, 32], [223, 206, 35, 35], [149, 57, 35, 35], [549, 209, 35, 35], [443, 213, 35, 35], [446, 213, 35, 35], [429, 60, 35, 35], [144, 55, 39, 39], [148, 55, 39, 39], [218, 203, 39, 39], [222, 203, 39, 39], [495, 62, 39, 39], [550, 207, 39, 39], [444, 210, 39, 39], [144, 54, 43, 43], [146, 54, 43, 43], [491, 60, 43, 43], [493, 60, 43, 43], [326, 163, 43, 43], [324, 165, 43, 43], [326, 165, 43, 43], [328, 165, 43, 43], [544, 206, 43, 43], [547, 206, 43, 43], [549, 206, 43, 43], [328, 161, 43, 43], [442, 208, 43, 43], [219, 199, 43, 43], [105, 210, 43, 43], [221, 199, 43, 43], [439, 210, 43, 43], [442, 210, 43, 43], [217, 201, 43, 43], [219, 201, 43, 43], [221, 201, 43, 43], [219, 204, 43, 43], [219, 200, 47, 47], [441, 205, 47, 47], [439, 207, 47, 47], [441, 207, 47, 47], [321, 160, 47, 47], [323, 160, 47, 47], [325, 160, 47, 47], [323, 163, 47, 47], [101, 205, 52, 52]]}, {"min_neighbors": 1, "scale": 1.1, "faces": [[494, 62, 39, 39], [220, 202, 41, 41], [146, 55, 40, 40], [548, 207, 41, 41], [442, 209, 42, 42], [325, 162, 45, 45], [103, 208, 48, 48]]}, {"min_neighbors": 2, "scale": 1.1, "faces": [[220, 202, 41, 41], [494, 62, 39, 39], [146, 55, 40, 40], [548, 207, 41, 41], [442, 209, 42, 42], [325, 162, 45, 45]]}, {"min_neighbors": 3, "scale": 1.1, "faces": [[494, 62, 39, 39], [220, 202, 41, 41], [146, 55, 40, 40], [548, 207, 41, 41], [442, 209, 42, 42], [325, 162, 45, 45]]}, {"min_neighbors": 4, "scale": 1.1, "faces": [[220, 202, 41, 41], [146, 55, 40, 40], [548, 207, 41, 41], [442, 209, 42, 42], [325, 162, 45, 45]]}, {"min_neighbors": 5, "scale": 1.1, "faces": [[220, 202, 41, 41], [442, 209, 42, 42], [325, 162, 45, 45]]}, {"min_neighbors": 6, "scale": 1.1, "faces": [[220, 202, 41, 41], [442, 209, 42, 42], [325, 162, 45, 45]]}], "judybats.gif": [{"min_neighbors": 0, "scale": 1.1, "faces": [[369, 401, 29, 29], [306, 416, 32, 32], [365, 400, 35, 35], [366, 398, 39, 39], [628, 427, 43, 43], [364, 394, 43, 43], [362, 397, 43, 43], [364, 397, 43, 43], [367, 397, 43, 43], [627, 424, 47, 47], [620, 423, 52, 52], [622, 423, 52, 52], [625, 423, 52, 52], [620, 425, 52, 52], [622, 425, 52, 52], [625, 425, 52, 52], [36, 384, 52, 52], [619, 419, 57, 57], [622, 419, 57, 57], [619, 422, 57, 57], [622, 422, 57, 57], [619, 425, 57, 57], [622, 425, 57, 57], [615, 417, 63, 63], [618, 417, 63, 63], [621, 417, 63, 63], [612, 421, 63, 63], [615, 421, 63, 63], [618, 421, 63, 63], [621, 421, 63, 63], [618, 424, 63, 63], [28, 377, 63, 63], [31, 377, 63, 63], [28, 373, 63, 63], [31, 373, 63, 63], [35, 373, 63, 63], [24, 369, 69, 69], [28, 369, 69, 69], [611, 414, 69, 69], [24, 373, 69, 69], [615, 414, 69, 69], [28, 373, 69, 69], [31, 373, 69, 69], [611, 418, 69, 69], [615, 418, 69, 69], [618, 418, 69, 69], [28, 376, 69, 69], [611, 421, 69, 69], [23, 365, 76, 76], [27, 365, 76, 76], [19, 368, 76, 76], [23, 368, 76, 76], [27, 368, 76, 76], [30, 368, 76, 76], [23, 372, 76, 76], [27, 372, 76, 76], [30, 372, 76, 76], [611, 410, 76, 76], [615, 410, 76, 76], [611, 414, 76, 76], [615, 414, 76, 76], [615, 418, 76, 76], [17, 363, 84, 84], [21, 363, 84, 84], [25, 363, 84, 84], [17, 368, 84, 84], [21, 368, 84, 84], [25, 368, 84, 84], [606, 414, 84, 84], [21, 372, 84, 84], [25, 372, 84, 84], [418, 313, 84, 84], [14, 358, 92, 92], [18, 358, 92, 92], [9, 363, 92, 92], [14, 363, 92, 92], [18, 363, 92, 92], [23, 363, 92, 92], [14, 368, 92, 92], [409, 308, 92, 92], [18, 368, 92, 92], [414, 308, 92, 92], [418, 308, 92, 92], [414, 312, 92, 92], [10, 354, 101, 101], [15, 354, 101, 101], [10, 359, 101, 101], [15, 359, 101, 101], [414, 298, 101, 101], [404, 303, 101, 101], [409, 303, 101, 101], [414, 303, 101, 101], [409, 308, 101, 101], [414, 308, 101, 101], [400, 295, 111, 111], [406, 295, 111, 111], [400, 300, 111, 111], [406, 300, 111, 111], [411, 300, 111, 111], [406, 306, 111, 111], [398, 294, 122, 122], [404, 294, 122, 122], [398, 300, 122, 122], [404, 300, 122, 122], [390, 289, 135, 135], [397, 289, 135, 135], [397, 296, 135, 135], [392, 281, 148, 148], [383, 277, 163, 163], [89, 167, 197, 197], [89, 177, 197, 197], [98, 177, 197, 197], [87, 163, 217, 217], [87, 173, 217, 217], [72, 155, 238, 238], [83, 155, 238, 238], [72, 167, 238, 238], [52, 144, 262, 262], [66, 144, 262, 262], [79, 144, 262, 262], [52, 157, 262, 262], [66, 157, 262, 262], [43, 130, 288, 288], [43, 144, 288, 288], [58, 144, 288, 288]]}, {"min_neighbors": 1, "scale": 1.1, "faces": [[365, 398, 39, 39], [618, 420, 63, 63], [23, 368, 80, 80], [405, 300, 113, 113], [71, 156, 245, 245]]}, {"min_neighbors": 2, "scale": 1.1, "faces": [[365, 398, 39, 39], [618, 420, 63, 63], [23, 368, 80, 80], [405, 300, 113, 113], [71, 156, 245, 245]]}, {"min_neighbors": 3, "scale": 1.1, "faces": [[365, 398, 39, 39], [618, 420, 63, 63], [23, 368, 80, 80], [405, 300, 113, 113], [71, 156, 245, 245]]}, {"min_neighbors": 4, "scale": 1.1, "faces": [[365, 398, 39, 39], [618, 420, 63, 63], [23, 368, 80, 80], [405, 300, 113, 113], [71, 156, 245, 245]]}, {"min_neighbors": 5, "scale": 1.1, "faces": [[365, 398, 39, 39], [618, 420, 63, 63], [23, 368, 80, 80], [405, 300, 113, 113], [71, 156, 245, 245]]}, {"min_neighbors": 6, "scale": 1.1, "faces": [[365, 398, 39, 39], [618, 420, 63, 63], [23, 368, 80, 80], [405, 300, 113, 113], [71, 156, 245, 245]]}], "voyager2.gif": [{"min_neighbors": 0, "scale": 1.1, "faces": [[363, 59, 29, 29], [174, 155, 32, 32], [125, 729, 39, 39], [264, 212, 43, 43], [347, 43, 43, 43], [347, 45, 43, 43], [264, 671, 43, 43], [529, 94, 43, 43], [54, 137, 47, 47], [342, 40, 47, 47], [344, 40, 47, 47], [340, 42, 47, 47], [342, 42, 47, 47], [344, 42, 47, 47], [344, 45, 47, 47], [526, 92, 47, 47], [427, 184, 47, 47], [424, 186, 47, 47], [427, 186, 47, 47], [259, 212, 47, 47], [262, 212, 47, 47], [262, 210, 47, 47], [264, 210, 47, 47], [257, 207, 52, 52], [259, 207, 52, 52], [262, 207, 52, 52], [257, 210, 52, 52], [259, 210, 52, 52], [262, 210, 52, 52], [52, 135, 52, 52], [54, 135, 52, 52], [337, 39, 52, 52], [340, 39, 52, 52], [342, 39, 52, 52], [345, 39, 52, 52], [521, 91, 52, 52], [524, 91, 52, 52], [527, 91, 52, 52], [337, 41, 52, 52], [340, 41, 52, 52], [342, 41, 52, 52], [257, 667, 52, 52], [150, 267, 52, 52], [514, 290, 52, 52], [516, 290, 52, 52], [150, 270, 52, 52], [337, 301, 52, 52], [335, 303, 52, 52], [337, 303, 52, 52], [337, 306, 52, 52], [337, 309, 52, 52], [423, 182, 52, 52], [425, 182, 52, 52], [423, 184, 52, 52], [425, 184, 52, 52], [425, 187, 52, 52], [51, 131, 57, 57], [49, 134, 57, 57], [51, 134, 57, 57], [419, 177, 57, 57], [422, 177, 57, 57], [417, 180, 57, 57], [419, 180, 57, 57], [337, 34, 57, 57], [422, 180, 57, 57], [340, 34, 57, 57], [160, 146, 57, 57], [425, 180, 57, 57], [254, 205, 57, 57], [257, 205, 57, 57], [334, 37, 57, 57], [337, 37, 57, 57], [340, 37, 57, 57], [342, 37, 57, 57], [419, 183, 57, 57], [422, 183, 57, 57], [425, 183, 57, 57], [254, 208, 57, 57], [334, 40, 57, 57], [257, 208, 57, 57], [146, 265, 57, 57], [337, 40, 57, 57], [151, 265, 57, 57], [340, 40, 57, 57], [511, 288, 57, 57], [514, 288, 57, 57], [522, 86, 57, 57], [511, 291, 57, 57], [514, 291, 57, 57], [519, 88, 57, 57], [522, 88, 57, 57], [525, 88, 57, 57], [514, 297, 57, 57], [516, 91, 57, 57], [519, 91, 57, 57], [522, 91, 57, 57], [331, 300, 57, 57], [334, 300, 57, 57], [331, 302, 57, 57], [334, 302, 57, 57], [337, 302, 57, 57], [331, 308, 57, 57], [334, 308, 57, 57], [334, 305, 57, 57], [251, 665, 57, 57], [336, 31, 63, 63], [339, 31, 63, 63], [342, 31, 63, 63], [251, 204, 63, 63], [333, 35, 63, 63], [254, 204, 63, 63], [336, 35, 63, 63], [508, 282, 63, 63], [257, 204, 63, 63], [339, 35, 63, 63], [342, 35, 63, 63], [505, 286, 63, 63], [254, 207, 63, 63], [508, 286, 63, 63], [336, 38, 63, 63], [257, 207, 63, 63], [512, 286, 63, 63], [339, 38, 63, 63], [515, 286, 63, 63], [342, 38, 63, 63], [508, 289, 63, 63], [512, 289, 63, 63], [515, 289, 63, 63], [336, 41, 63, 63], [339, 41, 63, 63], [512, 292, 63, 63], [512, 295, 63, 63], [330, 298, 63, 63], [333, 298, 63, 63], [336, 298, 63, 63], [330, 301, 63, 63], [333, 301, 63, 63], [336, 301, 63, 63], [330, 304, 63, 63], [333, 304, 63, 63], [144, 116, 63, 63], [521, 82, 63, 63], [44, 129, 63, 63], [47, 129, 63, 63], [144, 260, 63, 63], [50, 129, 63, 63], [148, 260, 63, 63], [518, 85, 63, 63], [521, 85, 63, 63], [524, 85, 63, 63], [141, 264, 63, 63], [44, 132, 63, 63], [144, 264, 63, 63], [47, 132, 63, 63], [148, 264, 63, 63], [50, 132, 63, 63], [151, 264, 63, 63], [518, 88, 63, 63], [521, 88, 63, 63], [141, 267, 63, 63], [44, 135, 63, 63], [144, 267, 63, 63], [47, 135, 63, 63], [148, 267, 63, 63], [518, 91, 63, 63], [521, 91, 63, 63], [417, 173, 63, 63], [421, 173, 63, 63], [148, 270, 63, 63], [417, 176, 63, 63], [421, 176, 63, 63], [424, 176, 63, 63], [157, 144, 63, 63], [160, 144, 63, 63], [414, 179, 63, 63], [417, 179, 63, 63], [421, 179, 63, 63], [424, 179, 63, 63], [157, 148, 63, 63], [160, 148, 63, 63], [421, 182, 63, 63], [504, 290, 69, 69], [507, 290, 69, 69], [511, 290, 69, 69], [325, 293, 69, 69], [328, 293, 69, 69], [331, 293, 69, 69], [249, 200, 69, 69], [252, 200, 69, 69], [255, 200, 69, 69], [321, 297, 69, 69], [325, 297, 69, 69], [328, 297, 69, 69], [331, 297, 69, 69], [249, 204, 69, 69], [252, 204, 69, 69], [321, 300, 69, 69], [325, 300, 69, 69], [328, 300, 69, 69], [331, 300, 69, 69], [331, 28, 69, 69], [328, 304, 69, 69], [335, 28, 69, 69], [328, 31, 69, 69], [331, 31, 69, 69], [335, 31, 69, 69], [328, 35, 69, 69], [331, 35, 69, 69], [335, 35, 69, 69], [338, 35, 69, 69], [142, 114, 69, 69], [138, 259, 69, 69], [142, 259, 69, 69], [145, 259, 69, 69], [514, 79, 69, 69], [518, 79, 69, 69], [138, 262, 69, 69], [41, 124, 69, 69], [142, 262, 69, 69], [45, 124, 69, 69], [145, 262, 69, 69], [138, 266, 69, 69], [511, 83, 69, 69], [142, 266, 69, 69], [514, 83, 69, 69], [145, 266, 69, 69], [518, 83, 69, 69], [152, 145, 69, 69], [41, 128, 69, 69], [155, 145, 69, 69], [45, 128, 69, 69], [48, 128, 69, 69], [507, 86, 69, 69], [155, 148, 69, 69], [511, 86, 69, 69], [514, 86, 69, 69], [518, 86, 69, 69], [38, 131, 69, 69], [41, 131, 69, 69], [45, 131, 69, 69], [48, 131, 69, 69], [514, 90, 69, 69], [41, 135, 69, 69], [45, 135, 69, 69], [414, 173, 69, 69], [504, 280, 69, 69], [418, 173, 69, 69], [507, 280, 69, 69], [152, 138, 69, 69], [411, 176, 69, 69], [504, 283, 69, 69], [414, 176, 69, 69], [155, 138, 69, 69], [418, 176, 69, 69], [507, 283, 69, 69], [159, 138, 69, 69], [421, 176, 69, 69], [511, 283, 69, 69], [504, 287, 69, 69], [414, 180, 69, 69], [507, 287, 69, 69], [511, 287, 69, 69], [155, 142, 69, 69], [159, 142, 69, 69], [509, 80, 76, 76], [513, 80, 76, 76], [516, 80, 76, 76], [505, 84, 76, 76], [509, 84, 76, 76], [513, 84, 76, 76], [247, 197, 76, 76], [516, 84, 76, 76], [251, 197, 76, 76], [513, 87, 76, 76], [247, 201, 76, 76], [327, 27, 76, 76], [330, 27, 76, 76], [327, 30, 76, 76], [330, 30, 76, 76], [334, 30, 76, 76], [137, 106, 76, 76], [323, 34, 76, 76], [327, 34, 76, 76], [330, 34, 76, 76], [334, 34, 76, 76], [513, 76, 76, 76], [516, 76, 76, 76], [38, 133, 76, 76], [34, 122, 76, 76], [38, 122, 76, 76], [148, 137, 76, 76], [42, 122, 76, 76], [152, 137, 76, 76], [156, 137, 76, 76], [34, 125, 76, 76], [38, 125, 76, 76], [148, 141, 76, 76], [42, 125, 76, 76], [152, 141, 76, 76], [46, 125, 76, 76], [156, 141, 76, 76], [152, 144, 76, 76], [34, 129, 76, 76], [38, 129, 76, 76], [42, 129, 76, 76], [46, 129, 76, 76], [137, 254, 76, 76], [141, 254, 76, 76], [133, 258, 76, 76], [141, 266, 76, 76], [137, 258, 76, 76], [141, 258, 76, 76], [144, 258, 76, 76], [133, 262, 76, 76], [137, 262, 76, 76], [141, 262, 76, 76], [144, 262, 76, 76], [414, 167, 76, 76], [418, 167, 76, 76], [497, 277, 76, 76], [501, 277, 76, 76], [319, 292, 76, 76], [323, 292, 76, 76], [327, 292, 76, 76], [330, 292, 76, 76], [406, 171, 76, 76], [410, 171, 76, 76], [414, 171, 76, 76], [497, 281, 76, 76], [418, 171, 76, 76], [501, 281, 76, 76], [505, 281, 76, 76], [315, 296, 76, 76], [509, 281, 76, 76], [319, 296, 76, 76], [323, 296, 76, 76], [327, 296, 76, 76], [330, 296, 76, 76], [410, 175, 76, 76], [414, 175, 76, 76], [418, 175, 76, 76], [501, 285, 76, 76], [505, 285, 76, 76], [509, 285, 76, 76], [323, 300, 76, 76], [327, 300, 76, 76], [327, 289, 76, 76], [505, 289, 76, 76], [405, 167, 84, 84], [409, 167, 84, 84], [414, 167, 84, 84], [501, 272, 84, 84], [505, 272, 84, 84], [405, 171, 84, 84], [409, 171, 84, 84], [414, 171, 84, 84], [497, 276, 84, 84], [501, 276, 84, 84], [505, 276, 84, 84], [493, 280, 84, 84], [497, 280, 84, 84], [326, 25, 84, 84], [501, 280, 84, 84], [330, 25, 84, 84], [505, 280, 84, 84], [497, 284, 84, 84], [501, 284, 84, 84], [322, 29, 84, 84], [505, 284, 84, 84], [326, 29, 84, 84], [317, 288, 84, 84], [322, 288, 84, 84], [326, 288, 84, 84], [313, 292, 84, 84], [317, 292, 84, 84], [322, 292, 84, 84], [326, 292, 84, 84], [313, 297, 84, 84], [317, 297, 84, 84], [322, 297, 84, 84], [326, 297, 84, 84], [134, 251, 84, 84], [138, 251, 84, 84], [505, 75, 84, 84], [510, 75, 84, 84], [129, 255, 84, 84], [134, 255, 84, 84], [138, 255, 84, 84], [146, 134, 84, 84], [505, 79, 84, 84], [150, 134, 84, 84], [510, 79, 84, 84], [514, 79, 84, 84], [125, 259, 84, 84], [129, 259, 84, 84], [134, 259, 84, 84], [138, 259, 84, 84], [146, 138, 84, 84], [150, 138, 84, 84], [33, 117, 84, 84], [29, 121, 84, 84], [33, 121, 84, 84], [38, 121, 84, 84], [29, 125, 84, 84], [33, 125, 84, 84], [409, 163, 84, 84], [38, 125, 84, 84], [414, 163, 84, 84], [42, 125, 84, 84], [38, 129, 84, 84], [146, 129, 84, 84], [150, 129, 84, 84], [129, 248, 92, 92], [133, 248, 92, 92], [409, 165, 92, 92], [414, 165, 92, 92], [312, 289, 92, 92], [317, 289, 92, 92], [322, 289, 92, 92], [124, 253, 92, 92], [129, 253, 92, 92], [133, 253, 92, 92], [138, 253, 92, 92], [312, 294, 92, 92], [317, 294, 92, 92], [129, 257, 92, 92], [322, 23, 92, 92], [133, 257, 92, 92], [322, 28, 92, 92], [496, 271, 92, 92], [133, 244, 92, 92], [501, 271, 92, 92], [505, 271, 92, 92], [496, 276, 92, 92], [28, 124, 92, 92], [501, 276, 92, 92], [32, 124, 92, 92], [505, 276, 92, 92], [317, 280, 92, 92], [147, 124, 92, 92], [496, 280, 92, 92], [501, 280, 92, 92], [505, 280, 92, 92], [142, 129, 92, 92], [147, 129, 92, 92], [312, 285, 92, 92], [317, 285, 92, 92], [322, 285, 92, 92], [326, 285, 92, 92], [505, 69, 92, 92], [510, 69, 92, 92], [142, 133, 92, 92], [147, 133, 92, 92], [505, 74, 92, 92], [510, 74, 92, 92], [32, 115, 92, 92], [37, 115, 92, 92], [505, 78, 92, 92], [510, 78, 92, 92], [32, 119, 92, 92], [37, 119, 92, 92], [409, 161, 92, 92], [414, 161, 92, 92], [399, 157, 101, 101], [404, 157, 101, 101], [399, 162, 101, 101], [131, 253, 101, 101], [490, 263, 101, 101], [495, 263, 101, 101], [485, 268, 101, 101], [500, 66, 101, 101], [490, 268, 101, 101], [495, 268, 101, 101], [500, 268, 101, 101], [505, 268, 101, 101], [500, 71, 101, 101], [485, 273, 101, 101], [490, 273, 101, 101], [30, 111, 101, 101], [495, 273, 101, 101], [500, 273, 101, 101], [505, 273, 101, 101], [25, 116, 101, 101], [30, 116, 101, 101], [308, 278, 101, 101], [121, 243, 101, 101], [126, 243, 101, 101], [131, 243, 101, 101], [25, 121, 101, 101], [308, 283, 101, 101], [313, 283, 101, 101], [121, 248, 101, 101], [142, 121, 101, 101], [126, 248, 101, 101], [131, 248, 101, 101], [136, 248, 101, 101], [298, 288, 101, 101], [303, 288, 101, 101], [308, 288, 101, 101], [136, 126, 101, 101], [313, 288, 101, 101], [142, 126, 101, 101], [318, 288, 101, 101], [111, 245, 111, 111], [495, 72, 111, 111], [489, 267, 111, 111], [495, 267, 111, 111], [306, 284, 111, 111]]}, {"min_neighbors": 1, "scale": 1.1, "faces": [[256, 206, 59, 59], [336, 35, 64, 64], [257, 668, 51, 51], [514, 83, 72, 72], [40, 127, 75, 75], [416, 174, 70, 70], [137, 258, 79, 79], [503, 280, 80, 80], [324, 295, 76, 76], [151, 137, 78, 78], [141, 112, 69, 69]]}, {"min_neighbors": 2, "scale": 1.1, "faces": [[256, 206, 59, 59], [336, 35, 64, 64], [257, 668, 51, 51], [514, 83, 72, 72], [40, 127, 75, 75], [416, 174, 70, 70], [137, 258, 79, 79], [324, 295, 76, 76], [503, 280, 80, 80], [151, 137, 78, 78], [141, 112, 69, 69]]}, {"min_neighbors": 3, "scale": 1.1, "faces": [[256, 206, 59, 59], [336, 35, 64, 64], [514, 83, 72, 72], [416, 174, 70, 70], [40, 127, 75, 75], [137, 258, 79, 79], [503, 280, 80, 80], [324, 295, 76, 76], [151, 137, 78, 78]]}, {"min_neighbors": 4, "scale": 1.1, "faces": [[256, 206, 59, 59], [336, 35, 64, 64], [514, 83, 72, 72], [40, 127, 75, 75], [416, 174, 70, 70], [137, 258, 79, 79], [503, 280, 80, 80], [324, 295, 76, 76], [151, 137, 78, 78]]}, {"min_neighbors": 5, "scale": 1.1, "faces": [[256, 206, 59, 59], [336, 35, 64, 64], [514, 83, 72, 72], [40, 127, 75, 75], [416, 174, 70, 70], [137, 258, 79, 79], [503, 280, 80, 80], [324, 295, 76, 76], [151, 137, 78, 78]]}, {"min_neighbors": 6, "scale": 1.1, "faces": [[256, 206, 59, 59], [336, 35, 64, 64], [514, 83, 72, 72], [40, 127, 75, 75], [416, 174, 70, 70], [137, 258, 79, 79], [503, 280, 80, 80], [324, 295, 76, 76], [151, 137, 78, 78]]}], "plays.gif": [{"min_neighbors": 0, "scale": 1.1, "faces": [[31, 616, 22, 22], [399, 106, 27, 27], [418, 503, 27, 27], [495, 3, 29, 29], [398, 105, 29, 29], [483, 85, 29, 29], [399, 103, 32, 32], [329, 84, 32, 32], [397, 103, 35, 35], [322, 81, 35, 35], [326, 81, 35, 35], [394, 101, 39, 39], [323, 82, 39, 39], [392, 99, 43, 43], [319, 77, 43, 43], [322, 77, 43, 43], [319, 79, 43, 43], [322, 79, 43, 43], [324, 79, 43, 43], [322, 81, 43, 43], [318, 75, 47, 47], [321, 75, 47, 47], [321, 78, 47, 47], [163, 109, 52, 52], [316, 73, 52, 52], [316, 75, 52, 52], [319, 75, 52, 52], [49, 639, 57, 57], [377, 571, 57, 57], [379, 571, 57, 57], [20, 551, 101, 101], [25, 551, 101, 101], [25, 556, 101, 101], [25, 561, 101, 101], [17, 545, 111, 111], [17, 550, 111, 111], [22, 550, 111, 111], [17, 556, 111, 111], [6, 550, 122, 122], [12, 550, 122, 122], [6, 538, 122, 122], [12, 538, 122, 122], [6, 544, 122, 122], [12, 544, 122, 122], [18, 544, 122, 122], [0, 531, 135, 135], [7, 531, 135, 135], [0, 538, 135, 135], [7, 538, 135, 135], [13, 538, 135, 135], [0, 545, 135, 135], [7, 545, 135, 135], [13, 545, 135, 135], [0, 525, 148, 148], [7, 525, 148, 148], [0, 533, 148, 148], [7, 533, 148, 148], [0, 540, 148, 148], [7, 540, 148, 148]]}, {"min_neighbors": 1, "scale": 1.1, "faces": [[396, 103, 34, 34], [321, 78, 44, 44], [378, 571, 57, 57], [11, 543, 127, 127]]}, {"min_neighbors": 2, "scale": 1.1, "faces": [[396, 103, 34, 34], [321, 78, 44, 44], [11, 543, 127, 127]]}, {"min_neighbors": 3, "scale": 1.1, "faces": [[396, 103, 34, 34], [321, 78, 44, 44], [11, 543, 127, 127]]}, {"min_neighbors": 4, "scale": 1.1, "faces": [[396, 103, 34, 34], [321, 78, 44, 44], [11, 543, 127, 127]]}, {"min_neighbors": 5, "scale": 1.1, "faces": [[396, 103, 34, 34], [321, 78, 44, 44], [11, 543, 127, 127]]}, {"min_neighbors": 6, "scale": 1.1, "faces": [[321, 78, 44, 44], [11, 543, 127, 127]]}], "cluttered-tahoe.gif": [{"min_neighbors": 0, "scale": 1.1, "faces": []}, {"min_neighbors": 1, "scale": 1.1, "faces": []}, {"min_neighbors": 2, "scale": 1.1, "faces": []}, {"min_neighbors": 3, "scale": 1.1, "faces": []}, {"min_neighbors": 4, "scale": 1.1, "faces": []}, {"min_neighbors": 5, "scale": 1.1, "faces": []}, {"min_neighbors": 6, "scale": 1.1, "faces": []}], "me.gif": [{"min_neighbors": 0, "scale": 1.1, "faces": [[138, 29, 29, 29], [135, 29, 32, 32], [135, 28, 35, 35], [133, 23, 39, 39], [129, 24, 43, 43], [131, 24, 43, 43], [133, 24, 43, 43], [129, 26, 43, 43], [131, 26, 43, 43], [133, 26, 43, 43], [135, 26, 43, 43], [129, 28, 43, 43], [131, 28, 43, 43], [133, 28, 43, 43], [127, 21, 47, 47], [130, 21, 47, 47], [127, 24, 47, 47], [130, 24, 47, 47], [132, 24, 47, 47], [127, 26, 47, 47], [130, 26, 47, 47], [124, 21, 52, 52], [127, 21, 52, 52], [124, 23, 52, 52], [127, 23, 52, 52], [126, 17, 57, 57], [123, 20, 57, 57], [126, 20, 57, 57]]}, {"min_neighbors": 1, "scale": 1.1, "faces": [[130, 24, 45, 45]]}, {"min_neighbors": 2, "scale": 1.1, "faces": [[130, 24, 45, 45]]}, {"min_neighbors": 3, "scale": 1.1, "faces": [[130, 24, 45, 45]]}, {"min_neighbors": 4, "scale": 1.1, "faces": [[130, 24, 45, 45]]}, {"min_neighbors": 5, "scale": 1.1, "faces": [[130, 24, 45, 45]]}, {"min_neighbors": 6, "scale": 1.1, "faces": [[130, 24, 45, 45]]}], "nens.gif": [{"min_neighbors": 0, "scale": 1.1, "faces": [[48, 35, 22, 22], [169, 99, 22, 22], [191, 160, 24, 24], [90, 162, 24, 24], [46, 34, 24, 24], [48, 34, 24, 24], [90, 165, 24, 24], [167, 97, 24, 24], [169, 97, 24, 24], [143, 167, 24, 24], [94, 24, 24, 24], [114, 104, 27, 27], [146, 11, 27, 27], [117, 104, 27, 27], [13, 83, 27, 27], [200, 19, 27, 27], [16, 83, 27, 27], [91, 24, 27, 27], [93, 24, 27, 27], [32, 157, 27, 27], [35, 157, 27, 27], [165, 96, 27, 27], [43, 32, 27, 27], [168, 96, 27, 27], [45, 32, 27, 27], [59, 98, 27, 27], [59, 101, 27, 27], [88, 162, 27, 27], [61, 101, 27, 27], [91, 162, 27, 27], [138, 165, 27, 27], [141, 165, 27, 27], [32, 155, 29, 29], [12, 82, 29, 29], [15, 82, 29, 29], [143, 9, 29, 29], [146, 9, 29, 29], [32, 158, 29, 29], [184, 158, 29, 29], [187, 158, 29, 29], [196, 18, 29, 29], [199, 18, 29, 29], [85, 161, 29, 29], [164, 94, 29, 29], [88, 161, 29, 29], [167, 94, 29, 29], [138, 164, 29, 29], [141, 164, 29, 29], [91, 23, 29, 29], [59, 100, 29, 29], [44, 29, 29, 29], [114, 102, 29, 29], [44, 32, 29, 29], [145, 6, 32, 32], [161, 93, 32, 32], [164, 93, 32, 32], [145, 10, 32, 32], [58, 97, 32, 32], [10, 81, 32, 32], [196, 16, 32, 32], [58, 100, 32, 32], [13, 81, 32, 32], [113, 100, 32, 32], [90, 19, 32, 32], [29, 155, 32, 32], [90, 23, 32, 32], [32, 155, 32, 32], [184, 155, 32, 32], [39, 29, 32, 32], [42, 29, 32, 32], [45, 29, 32, 32], [84, 158, 32, 32], [87, 158, 32, 32], [87, 161, 32, 32], [139, 161, 32, 32], [139, 164, 32, 32], [142, 7, 35, 35], [145, 7, 35, 35], [11, 78, 35, 35], [195, 14, 35, 35], [89, 18, 35, 35], [163, 92, 35, 35], [89, 21, 35, 35], [39, 28, 35, 35], [43, 28, 35, 35], [57, 99, 35, 35], [28, 156, 35, 35], [110, 99, 35, 35], [32, 156, 35, 35], [113, 99, 35, 35], [85, 156, 35, 35], [184, 156, 35, 35], [81, 159, 35, 35], [85, 159, 35, 35], [138, 163, 35, 35], [140, 4, 39, 39], [27, 152, 39, 39], [160, 90, 39, 39], [82, 156, 39, 39], [55, 94, 39, 39], [86, 19, 39, 39], [133, 160, 39, 39], [136, 160, 39, 39], [109, 97, 39, 39], [39, 27, 39, 39], [24, 150, 43, 43], [26, 150, 43, 43], [36, 24, 43, 43], [139, 2, 43, 43], [26, 152, 43, 43], [79, 152, 43, 43], [137, 4, 43, 43], [34, 26, 43, 43], [139, 4, 43, 43], [36, 26, 43, 43], [79, 154, 43, 43], [81, 154, 43, 43], [191, 11, 43, 43], [79, 156, 43, 43], [189, 13, 43, 43], [26, 148, 43, 43], [191, 13, 43, 43], [133, 159, 43, 43], [84, 17, 43, 43], [86, 17, 43, 43], [156, 88, 43, 43], [6, 73, 43, 43], [4, 75, 43, 43], [51, 92, 43, 43], [6, 75, 43, 43], [4, 77, 43, 43], [51, 94, 43, 43], [107, 94, 43, 43], [109, 94, 43, 43], [107, 96, 43, 43], [109, 96, 43, 43], [137, 2, 47, 47], [139, 2, 47, 47], [24, 151, 47, 47], [5, 73, 47, 47], [78, 156, 47, 47], [80, 156, 47, 47], [0, 73, 52, 52]]}, {"min_neighbors": 1, "scale": 1.1, "faces": [[164, 94, 30, 30], [42, 30, 32, 32], [186, 157, 30, 30], [84, 158, 35, 35], [138, 163, 32, 32], [89, 21, 33, 33], [111, 99, 36, 36], [142, 6, 37, 37], [9, 78, 37, 37], [195, 15, 35, 35], [29, 154, 36, 36], [57, 98, 33, 33]]}, {"min_neighbors": 2, "scale": 1.1, "faces": [[42, 30, 32, 32], [164, 94, 30, 30], [186, 157, 30, 30], [84, 158, 35, 35], [138, 163, 32, 32], [89, 21, 33, 33], [111, 99, 36, 36], [142, 6, 37, 37], [9, 78, 37, 37], [195, 15, 35, 35], [29, 154, 36, 36], [57, 98, 33, 33]]}, {"min_neighbors": 3, "scale": 1.1, "faces": [[42, 30, 32, 32], [164, 94, 30, 30], [186, 157, 30, 30], [84, 158, 35, 35], [138, 163, 32, 32], [89, 21, 33, 33], [111, 99, 36, 36], [142, 6, 37, 37], [9, 78, 37, 37], [195, 15, 35, 35], [29, 154, 36, 36], [57, 98, 33, 33]]}, {"min_neighbors": 4, "scale": 1.1, "faces": [[164, 94, 30, 30], [42, 30, 32, 32], [186, 157, 30, 30], [84, 158, 35, 35], [138, 163, 32, 32], [89, 21, 33, 33], [111, 99, 36, 36], [142, 6, 37, 37], [9, 78, 37, 37], [195, 15, 35, 35], [29, 154, 36, 36], [57, 98, 33, 33]]}, {"min_neighbors": 5, "scale": 1.1, "faces": [[164, 94, 30, 30], [42, 30, 32, 32], [84, 158, 35, 35], [138, 163, 32, 32], [89, 21, 33, 33], [111, 99, 36, 36], [142, 6, 37, 37], [195, 15, 35, 35], [29, 154, 36, 36], [9, 78, 37, 37], [57, 98, 33, 33]]}, {"min_neighbors": 6, "scale": 1.1, "faces": [[164, 94, 30, 30], [42, 30, 32, 32], [84, 158, 35, 35], [138, 163, 32, 32], [89, 21, 33, 33], [111, 99, 36, 36], [142, 6, 37, 37], [9, 78, 37, 37], [195, 15, 35, 35], [29, 154, 36, 36], [57, 98, 33, 33]]}], "book.gif": [{"min_neighbors": 0, "scale": 1.1, "faces": [[88, 375, 29, 29], [87, 374, 32, 32], [85, 372, 35, 35], [163, 361, 35, 35], [163, 365, 35, 35], [160, 362, 39, 39], [82, 370, 39, 39], [86, 186, 43, 43], [81, 369, 43, 43], [79, 371, 43, 43], [81, 371, 43, 43], [159, 358, 43, 43], [159, 360, 43, 43], [161, 360, 43, 43], [159, 362, 43, 43], [158, 358, 47, 47]]}, {"min_neighbors": 1, "scale": 1.1, "faces": [[83, 372, 38, 38], [160, 361, 41, 41]]}, {"min_neighbors": 2, "scale": 1.1, "faces": [[83, 372, 38, 38], [160, 361, 41, 41]]}, {"min_neighbors": 3, "scale": 1.1, "faces": [[83, 372, 38, 38], [160, 361, 41, 41]]}, {"min_neighbors": 4, "scale": 1.1, "faces": [[83, 372, 38, 38], [160, 361, 41, 41]]}, {"min_neighbors": 5, "scale": 1.1, "faces": [[83, 372, 38, 38], [160, 361, 41, 41]]}, {"min_neighbors": 6, "scale": 1.1, "faces": [[83, 372, 38, 38], [160, 361, 41, 41]]}], "pace-university-double.gif": [{"min_neighbors": 0, "scale": 1.1, "faces": [[126, 128, 20, 20], [766, 228, 20, 20], [316, 238, 20, 20], [66, 392, 20, 20], [140, 288, 20, 20], [196, 398, 20, 20], [656, 406, 20, 20], [82, 58, 20, 20], [484, 58, 20, 20], [204, 76, 20, 20], [0, 337, 22, 22], [506, 57, 22, 22], [68, 264, 22, 22], [361, 75, 24, 24], [278, 218, 24, 24], [144, 0, 27, 27], [712, 111, 29, 29], [278, 325, 29, 29], [589, 319, 32, 32], [776, 103, 43, 43], [776, 105, 43, 43], [9, 90, 43, 43], [454, 92, 43, 43], [457, 94, 43, 43], [598, 315, 43, 43], [453, 92, 47, 47], [776, 101, 47, 47], [354, 78, 47, 47], [354, 80, 47, 47], [354, 83, 47, 47], [7, 90, 47, 47], [453, 90, 47, 47], [685, 86, 52, 52], [3, 88, 52, 52], [449, 88, 52, 52], [451, 88, 52, 52], [454, 88, 52, 52], [449, 91, 52, 52], [353, 75, 52, 52], [451, 91, 52, 52], [563, 91, 52, 52], [565, 91, 52, 52], [350, 78, 52, 52], [353, 78, 52, 52], [563, 93, 52, 52], [565, 93, 52, 52], [350, 80, 52, 52], [353, 80, 52, 52], [773, 99, 52, 52], [773, 101, 52, 52], [776, 101, 52, 52], [559, 91, 57, 57], [562, 91, 57, 57], [562, 94, 57, 57], [767, 97, 57, 57], [770, 97, 57, 57], [767, 100, 57, 57], [148, 74, 57, 57], [351, 80, 57, 57], [348, 77, 57, 57], [679, 83, 57, 57], [682, 83, 57, 57], [3, 86, 57, 57], [445, 86, 57, 57], [448, 86, 57, 57], [451, 86, 57, 57], [676, 86, 57, 57], [679, 86, 57, 57], [682, 86, 57, 57], [448, 88, 57, 57], [559, 88, 57, 57], [562, 88, 57, 57], [449, 82, 63, 63], [678, 82, 63, 63], [681, 82, 63, 63], [446, 85, 63, 63], [559, 85, 63, 63], [144, 72, 63, 63], [678, 85, 63, 63], [345, 72, 63, 63], [345, 75, 63, 63], [559, 88, 63, 63], [562, 88, 63, 63], [769, 97, 63, 63], [559, 86, 69, 69], [559, 90, 69, 69], [677, 76, 69, 69], [673, 79, 69, 69], [677, 79, 69, 69], [672, 76, 76, 76], [672, 80, 76, 76], [554, 84, 76, 76], [551, 79, 84, 84], [221, 104, 84, 84], [666, 69, 92, 92], [666, 74, 92, 92], [178, 244, 148, 148], [148, 227, 197, 197]]}, {"min_neighbors": 1, "scale": 1.1, "faces": [[772, 100, 52, 52], [6, 88, 50, 50], [451, 88, 53, 53], [351, 78, 53, 53], [560, 89, 61, 61], [676, 81, 67, 67], [146, 73, 60, 60]]}, {"min_neighbors": 2, "scale": 1.1, "faces": [[772, 100, 52, 52], [6, 88, 50, 50], [451, 88, 53, 53], [351, 78, 53, 53], [560, 89, 61, 61], [676, 81, 67, 67]]}, {"min_neighbors": 3, "scale": 1.1, "faces": [[772, 100, 52, 52], [6, 88, 50, 50], [451, 88, 53, 53], [351, 78, 53, 53], [560, 89, 61, 61], [676, 81, 67, 67]]}, {"min_neighbors": 4, "scale": 1.1, "faces": [[772, 100, 52, 52], [451, 88, 53, 53], [351, 78, 53, 53], [676, 81, 67, 67], [560, 89, 61, 61]]}, {"min_neighbors": 5, "scale": 1.1, "faces": [[772, 100, 52, 52], [451, 88, 53, 53], [351, 78, 53, 53], [560, 89, 61, 61], [676, 81, 67, 67]]}, {"min_neighbors": 6, "scale": 1.1, "faces": [[772, 100, 52, 52], [451, 88, 53, 53], [351, 78, 53, 53], [560, 89, 61, 61], [676, 81, 67, 67]]}], "cpd.gif": [{"min_neighbors": 0, "scale": 1.1, "faces": [[308, 95, 76, 76], [311, 95, 76, 76], [297, 92, 84, 84], [301, 96, 84, 84], [299, 87, 92, 92], [141, 94, 135, 135], [148, 101, 135, 135], [135, 108, 135, 135], [133, 89, 148, 148], [141, 89, 148, 148], [126, 96, 148, 148], [141, 96, 148, 148], [148, 96, 148, 148], [141, 104, 148, 148], [122, 81, 163, 163], [130, 81, 163, 163], [138, 81, 163, 163], [114, 90, 163, 163], [122, 90, 163, 163], [130, 90, 163, 163], [138, 90, 163, 163], [130, 98, 163, 163], [125, 72, 179, 179], [116, 81, 179, 179], [125, 81, 179, 179], [134, 81, 179, 179], [116, 90, 179, 179], [125, 90, 179, 179], [134, 90, 179, 179], [118, 59, 197, 197], [108, 69, 197, 197], [118, 69, 197, 197], [128, 69, 197, 197], [118, 79, 197, 197], [119, 65, 217, 217], [107, 60, 238, 238], [119, 60, 238, 238]]}, {"min_neighbors": 1, "scale": 1.1, "faces": [[303, 93, 82, 82], [128, 84, 173, 173]]}, {"min_neighbors": 2, "scale": 1.1, "faces": [[303, 93, 82, 82], [128, 84, 173, 173]]}, {"min_neighbors": 3, "scale": 1.1, "faces": [[303, 93, 82, 82], [128, 84, 173, 173]]}, {"min_neighbors": 4, "scale": 1.1, "faces": [[303, 93, 82, 82], [128, 84, 173, 173]]}, {"min_neighbors": 5, "scale": 1.1, "faces": [[128, 84, 173, 173]]}, {"min_neighbors": 6, "scale": 1.1, "faces": [[128, 84, 173, 173]]}], "next.gif": [{"min_neighbors": 0, "scale": 1.1, "faces": [[213, 46, 22, 22], [139, 24, 22, 22], [271, 140, 24, 24], [138, 24, 24, 24], [271, 143, 24, 24], [211, 46, 24, 24], [182, 133, 24, 24], [69, 11, 27, 27], [133, 24, 27, 27], [210, 43, 27, 27], [136, 24, 27, 27], [210, 45, 27, 27], [269, 141, 29, 29], [70, 6, 29, 29], [85, 152, 29, 29], [88, 152, 29, 29], [179, 132, 29, 29], [135, 23, 29, 29], [135, 20, 29, 29], [269, 138, 29, 29], [208, 44, 29, 29], [177, 129, 32, 32], [68, 6, 32, 32], [271, 139, 32, 32], [132, 19, 32, 32], [84, 148, 32, 32], [132, 23, 32, 32], [135, 23, 32, 32], [84, 151, 32, 32], [87, 151, 32, 32], [206, 42, 32, 32], [209, 42, 32, 32], [67, 4, 35, 35], [81, 149, 35, 35], [64, 7, 35, 35], [85, 149, 35, 35], [131, 18, 35, 35], [174, 128, 35, 35], [131, 21, 35, 35], [62, 4, 39, 39], [175, 125, 39, 39], [133, 16, 39, 39], [265, 133, 39, 39], [269, 133, 39, 39], [82, 148, 39, 39], [62, 2, 43, 43], [126, 15, 43, 43], [171, 122, 43, 43], [126, 17, 43, 43], [129, 17, 43, 43], [171, 124, 43, 43], [174, 124, 43, 43], [171, 126, 43, 43], [79, 144, 43, 43], [81, 144, 43, 43], [262, 131, 43, 43], [77, 146, 43, 43], [79, 146, 43, 43], [81, 146, 43, 43], [262, 133, 43, 43], [264, 133, 43, 43], [266, 133, 43, 43], [170, 120, 47, 47], [170, 123, 47, 47], [259, 130, 47, 47], [262, 130, 47, 47], [75, 144, 47, 47], [78, 144, 47, 47], [78, 146, 47, 47], [169, 119, 52, 52], [147, 142, 101, 101]]}, {"min_neighbors": 1, "scale": 1.1, "faces": [[210, 44, 28, 28], [133, 21, 33, 33], [266, 135, 37, 37], [174, 125, 40, 40], [66, 6, 34, 34], [82, 148, 39, 39]]}, {"min_neighbors": 2, "scale": 1.1, "faces": [[133, 21, 33, 33], [210, 44, 28, 28], [266, 135, 37, 37], [174, 125, 40, 40], [66, 6, 34, 34], [82, 148, 39, 39]]}, {"min_neighbors": 3, "scale": 1.1, "faces": [[210, 44, 28, 28], [133, 21, 33, 33], [266, 135, 37, 37], [174, 125, 40, 40], [66, 6, 34, 34], [82, 148, 39, 39]]}, {"min_neighbors": 4, "scale": 1.1, "faces": [[210, 44, 28, 28], [133, 21, 33, 33], [266, 135, 37, 37], [174, 125, 40, 40], [66, 6, 34, 34], [82, 148, 39, 39]]}, {"min_neighbors": 5, "scale": 1.1, "faces": [[210, 44, 28, 28], [133, 21, 33, 33], [266, 135, 37, 37], [174, 125, 40, 40], [66, 6, 34, 34], [82, 148, 39, 39]]}, {"min_neighbors": 6, "scale": 1.1, "faces": [[133, 21, 33, 33], [210, 44, 28, 28], [266, 135, 37, 37], [174, 125, 40, 40], [66, 6, 34, 34], [82, 148, 39, 39]]}], "tress-photo.gif": [{"min_neighbors": 0, "scale": 1.1, "faces": [[170, 138, 35, 35], [142, 138, 69, 69]]}, {"min_neighbors": 1, "scale": 1.1, "faces": []}, {"min_neighbors": 2, "scale": 1.1, "faces": []}, {"min_neighbors": 3, "scale": 1.1, "faces": []}, {"min_neighbors": 4, "scale": 1.1, "faces": []}, {"min_neighbors": 5, "scale": 1.1, "faces": []}, {"min_neighbors": 6, "scale": 1.1, "faces": []}], "larroquette.gif": [{"min_neighbors": 0, "scale": 1.1, "faces": [[184, 132, 20, 20], [183, 132, 22, 22], [264, 145, 22, 22], [134, 152, 22, 22], [334, 152, 22, 22], [114, 103, 22, 22], [222, 95, 22, 22], [182, 131, 24, 24], [184, 131, 24, 24], [220, 94, 24, 24], [114, 102, 24, 24], [133, 150, 24, 24], [332, 152, 24, 24], [102, 220, 24, 24], [104, 220, 24, 24], [181, 130, 27, 27], [261, 144, 27, 27], [133, 149, 27, 27], [101, 218, 27, 27], [333, 149, 27, 27], [133, 152, 27, 27], [101, 221, 27, 27], [112, 101, 27, 27], [218, 93, 27, 27], [221, 93, 27, 27], [179, 129, 29, 29], [182, 129, 29, 29], [261, 141, 29, 29], [108, 100, 29, 29], [261, 143, 29, 29], [132, 149, 29, 29], [331, 149, 29, 29], [334, 149, 29, 29], [100, 217, 29, 29], [331, 152, 29, 29], [100, 220, 29, 29], [102, 220, 29, 29], [293, 258, 29, 29], [258, 139, 32, 32], [258, 142, 32, 32], [177, 126, 32, 32], [129, 148, 32, 32], [132, 148, 32, 32], [177, 129, 32, 32], [97, 216, 32, 32], [100, 216, 32, 32], [216, 90, 32, 32], [219, 90, 32, 32], [110, 97, 32, 32], [74, 110, 32, 32], [177, 124, 35, 35], [177, 128, 35, 35], [216, 89, 35, 35], [255, 138, 35, 35], [259, 138, 35, 35], [106, 96, 35, 35], [128, 145, 35, 35], [326, 145, 35, 35], [330, 145, 35, 35], [96, 213, 35, 35], [99, 213, 35, 35], [96, 216, 35, 35], [99, 216, 35, 35], [175, 125, 39, 39], [94, 214, 39, 39], [327, 144, 39, 39], [97, 214, 39, 39], [253, 136, 39, 39], [214, 90, 39, 39], [212, 86, 43, 43], [171, 122, 43, 43], [174, 122, 43, 43], [103, 92, 43, 43], [171, 124, 43, 43], [251, 135, 43, 43], [253, 135, 43, 43], [255, 135, 43, 43], [253, 137, 43, 43], [255, 137, 43, 43], [92, 210, 43, 43], [94, 210, 43, 43], [94, 212, 43, 43], [96, 212, 43, 43], [315, 244, 43, 43], [92, 210, 47, 47]]}, {"min_neighbors": 1, "scale": 1.1, "faces": [[178, 128, 32, 32], [110, 99, 30, 30], [257, 139, 35, 35], [132, 149, 28, 28], [331, 149, 30, 30], [218, 91, 31, 31], [98, 215, 34, 34]]}, {"min_neighbors": 2, "scale": 1.1, "faces": [[178, 128, 32, 32], [257, 139, 35, 35], [132, 149, 28, 28], [331, 149, 30, 30], [110, 99, 30, 30], [218, 91, 31, 31], [98, 215, 34, 34]]}, {"min_neighbors": 3, "scale": 1.1, "faces": [[178, 128, 32, 32], [257, 139, 35, 35], [132, 149, 28, 28], [331, 149, 30, 30], [218, 91, 31, 31], [110, 99, 30, 30], [98, 215, 34, 34]]}, {"min_neighbors": 4, "scale": 1.1, "faces": [[178, 128, 32, 32], [110, 99, 30, 30], [257, 139, 35, 35], [132, 149, 28, 28], [331, 149, 30, 30], [218, 91, 31, 31], [98, 215, 34, 34]]}, {"min_neighbors": 5, "scale": 1.1, "faces": [[178, 128, 32, 32], [257, 139, 35, 35], [132, 149, 28, 28], [331, 149, 30, 30], [110, 99, 30, 30], [218, 91, 31, 31], [98, 215, 34, 34]]}, {"min_neighbors": 6, "scale": 1.1, "faces": [[178, 128, 32, 32], [257, 139, 35, 35], [132, 149, 28, 28], [331, 149, 30, 30], [218, 91, 31, 31], [110, 99, 30, 30], [98, 215, 34, 34]]}], "karen-and-rob.gif": [{"min_neighbors": 0, "scale": 1.1, "faces": [[310, 70, 22, 22], [154, 257, 22, 22], [46, 131, 24, 24], [235, 3, 32, 32], [198, 39, 35, 35], [195, 34, 43, 43], [193, 36, 43, 43], [195, 36, 43, 43], [197, 36, 43, 43], [195, 39, 43, 43], [86, 197, 43, 43], [88, 197, 43, 43], [81, 199, 43, 43], [86, 199, 43, 43], [88, 199, 43, 43], [83, 193, 47, 47], [85, 193, 47, 47], [80, 196, 47, 47], [83, 196, 47, 47], [85, 196, 47, 47], [189, 33, 47, 47], [191, 33, 47, 47], [193, 33, 47, 47], [191, 35, 47, 47], [193, 35, 47, 47], [193, 38, 47, 47], [187, 31, 52, 52], [189, 31, 52, 52], [187, 34, 52, 52], [189, 34, 52, 52], [192, 34, 52, 52], [195, 34, 52, 52], [189, 36, 52, 52], [80, 189, 52, 52], [80, 192, 52, 52], [83, 192, 52, 52], [86, 192, 52, 52], [80, 195, 52, 52], [83, 195, 52, 52], [191, 29, 57, 57], [185, 31, 57, 57], [188, 31, 57, 57], [191, 31, 57, 57], [80, 188, 57, 57], [191, 34, 57, 57], [77, 191, 57, 57], [80, 191, 57, 57], [83, 191, 57, 57], [80, 194, 57, 57], [185, 25, 63, 63], [188, 25, 63, 63], [182, 28, 63, 63], [185, 28, 63, 63], [188, 28, 63, 63], [185, 31, 63, 63], [72, 188, 63, 63], [75, 188, 63, 63], [78, 188, 63, 63], [75, 191, 63, 63], [75, 185, 63, 63], [14, 249, 69, 69], [183, 24, 69, 69], [180, 28, 69, 69], [183, 28, 69, 69], [72, 186, 69, 69], [68, 182, 76, 76]]}, {"min_neighbors": 1, "scale": 1.1, "faces": [[190, 32, 54, 54], [80, 192, 54, 54]]}, {"min_neighbors": 2, "scale": 1.1, "faces": [[190, 32, 54, 54], [80, 192, 54, 54]]}, {"min_neighbors": 3, "scale": 1.1, "faces": [[190, 32, 54, 54], [80, 192, 54, 54]]}, {"min_neighbors": 4, "scale": 1.1, "faces": [[190, 32, 54, 54], [80, 192, 54, 54]]}, {"min_neighbors": 5, "scale": 1.1, "faces": [[190, 32, 54, 54], [80, 192, 54, 54]]}, {"min_neighbors": 6, "scale": 1.1, "faces": [[190, 32, 54, 54], [80, 192, 54, 54]]}], "clapton.gif": [{"min_neighbors": 0, "scale": 1.1, "faces": []}, {"min_neighbors": 1, "scale": 1.1, "faces": []}, {"min_neighbors": 2, "scale": 1.1, "faces": []}, {"min_neighbors": 3, "scale": 1.1, "faces": []}, {"min_neighbors": 4, "scale": 1.1, "faces": []}, {"min_neighbors": 5, "scale": 1.1, "faces": []}, {"min_neighbors": 6, "scale": 1.1, "faces": []}], "baseball.gif": [{"min_neighbors": 0, "scale": 1.1, "faces": [[74, 20, 57, 57], [74, 23, 57, 57], [69, 16, 63, 63], [72, 19, 63, 63], [69, 22, 63, 63], [72, 22, 63, 63], [69, 10, 69, 69], [66, 14, 69, 69], [69, 14, 69, 69], [66, 17, 69, 69], [69, 17, 69, 69], [65, 11, 76, 76], [68, 11, 76, 76]]}, {"min_neighbors": 1, "scale": 1.1, "faces": [[69, 17, 66, 66]]}, {"min_neighbors": 2, "scale": 1.1, "faces": [[69, 17, 66, 66]]}, {"min_neighbors": 3, "scale": 1.1, "faces": [[69, 17, 66, 66]]}, {"min_neighbors": 4, "scale": 1.1, "faces": [[69, 17, 66, 66]]}, {"min_neighbors": 5, "scale": 1.1, "faces": [[69, 17, 66, 66]]}, {"min_neighbors": 6, "scale": 1.1, "faces": [[69, 17, 66, 66]]}], "Ecuador.gif": [{"min_neighbors": 0, "scale": 1.1, "faces": [[375, 73, 24, 24], [370, 72, 27, 27], [538, 83, 27, 27], [373, 72, 27, 27], [577, 228, 29, 29], [278, 70, 29, 29], [372, 70, 29, 29], [375, 70, 29, 29], [173, 76, 29, 29], [454, 76, 29, 29], [536, 82, 29, 29], [208, 217, 29, 29], [0, 177, 32, 32], [3, 177, 32, 32], [535, 81, 32, 32], [106, 203, 32, 32], [454, 203, 32, 32], [74, 71, 32, 32], [171, 74, 32, 32], [174, 74, 32, 32], [573, 225, 32, 32], [577, 225, 32, 32], [0, 174, 35, 35], [276, 67, 35, 35], [368, 67, 35, 35], [372, 67, 35, 35], [0, 177, 35, 35], [71, 71, 35, 35], [74, 71, 35, 35], [454, 74, 35, 35], [450, 202, 35, 35], [454, 202, 35, 35], [574, 227, 35, 35], [206, 216, 35, 35], [573, 222, 39, 39], [273, 66, 39, 39], [370, 66, 39, 39], [70, 70, 39, 39], [168, 70, 39, 39], [101, 199, 39, 39], [452, 199, 39, 39], [452, 74, 39, 39], [534, 78, 39, 39], [203, 214, 39, 39], [568, 223, 43, 43], [146, 60, 43, 43], [148, 60, 43, 43], [197, 60, 43, 43], [199, 60, 43, 43], [201, 60, 43, 43], [270, 62, 43, 43], [270, 64, 43, 43], [364, 64, 43, 43], [69, 66, 43, 43], [69, 69, 43, 43], [201, 214, 43, 43], [99,