{"tommyrw.gif": [{"min_neighbors": 0, "scale": 1.1, "faces": [[128, 123, 22, 22], [84, 64, 43, 43], [86, 64, 43, 43], [84, 66, 43, 43], [86, 66, 43, 43], [80, 64, 47, 47], [83, 64, 47, 47], [85, 64, 47, 47], [83, 66, 47, 47], [85, 66, 47, 47], [26, 101, 47, 47], [78, 62, 52, 52], [80, 62, 52, 52], [83, 62, 52, 52], [80, 65, 52, 52], [77, 60, 57, 57], [80, 60, 57, 57], [83, 60, 57, 57], [75, 56, 63, 63], [75, 60, 63, 63]]}, {"min_neighbors": 1, "scale": 1.1, "faces": [[82, 63, 51, 51]]}, {"min_neighbors": 2, "scale": 1.1, "faces": [[82, 63, 51, 51]]}, {"min_neighbors": 3, "scale": 1.1, "faces": [[82, 63, 51, 51]]}, {"min_neighbors": 4, "scale": 1.1, "faces": [[82, 63, 51, 51]]}, {"min_neighbors": 5, "scale": 1.1, "faces": [[82, 63, 51, 51]]}, {"min_neighbors": 6, "scale": 1.1, "faces": [[82, 63, 51, 51]]}], "Colombia.gif": [{"min_neighbors": 0, "scale": 1.1, "faces": [[365, 299, 22, 22], [365, 301, 22, 22], [44, 73, 24, 24], [32, 338, 27, 27], [152, 61, 27, 27], [149, 59, 29, 29], [551, 211, 29, 29], [433, 214, 29, 29], [148, 58, 32, 32], [496, 64, 32, 32], [499, 64, 32, 32], [222, 206, 32, 32], [149, 57, 35, 35], [496, 64, 35, 35], [432, 213, 35, 35], [144, 55, 39, 39], [148, 55, 39, 39], [105, 226, 39, 39], [495, 62, 39, 39], [222, 203, 39, 39], [444, 210, 39, 39], [144, 54, 43, 43], [146, 54, 43, 43], [491, 60, 43, 43], [493, 60, 43, 43], [324, 163, 43, 43], [326, 163, 43, 43], [328, 163, 43, 43], [326, 165, 43, 43], [467, 144, 43, 43], [219, 199, 43, 43], [221, 199, 43, 43], [223, 199, 43, 43], [217, 201, 43, 43], [219, 201, 43, 43], [221, 201, 43, 43], [219, 204, 43, 43], [542, 206, 43, 43], [544, 206, 43, 43], [547, 206, 43, 43], [544, 204, 43, 43], [547, 204, 43, 43], [427, 208, 43, 43], [439, 208, 43, 43], [103, 210, 43, 43], [105, 210, 43, 43], [429, 210, 43, 43], [439, 210, 43, 43], [442, 210, 43, 43], [103, 212, 43, 43], [325, 160, 47, 47], [323, 163, 47, 47], [325, 163, 47, 47], [217, 198, 47, 47], [219, 200, 47, 47], [540, 203, 47, 47], [408, 104, 47, 47], [424, 205, 47, 47], [436, 205, 47, 47], [101, 207, 47, 47], [439, 207, 47, 47], [521, 345, 52, 52], [438, 207, 52, 52], [215, 197, 52, 52], [218, 197, 52, 52], [436, 202, 52, 52], [423, 205, 52, 52], [385, 288, 57, 57], [405, 100, 57, 57], [419, 203, 57, 57], [410, 194, 76, 76], [444, 49, 76, 76], [524, 57, 76, 76], [363, 201, 84, 84], [367, 143, 179, 179]]}, {"min_neighbors": 1, "scale": 1.1, "faces": [[365, 300, 22, 22], [148, 57, 36, 36], [425, 206, 48, 48], [495, 62, 37, 37], [219, 200, 44, 44], [439, 207, 46, 46], [325, 163, 45, 45], [544, 205, 44, 44], [103, 210, 44, 44], [406, 102, 52, 52]]}, {"min_neighbors": 2, "scale": 1.1, "faces": [[148, 57, 36, 36], [425, 206, 48, 48], [495, 62, 37, 37], [219, 200, 44, 44], [439, 207, 46, 46], [325, 163, 45, 45], [544, 205, 44, 44], [103, 210, 44, 44]]}, {"min_neighbors": 3, "scale": 1.1, "faces": [[148, 57, 36, 36], [425, 206, 48, 48], [219, 200, 44, 44], [495, 62, 37, 37], [439, 207, 46, 46], [325, 163, 45, 45], [544, 205, 44, 44], [103, 210, 44, 44]]}, {"min_neighbors": 4, "scale": 1.1, "faces": [[148, 57, 36, 36], [425, 206, 48, 48], [495, 62, 37, 37], [219, 200, 44, 44], [439, 207, 46, 46], [325, 163, 45, 45], [544, 205, 44, 44]]}, {"min_neighbors": 5, "scale": 1.1, "faces": [[148, 57, 36, 36], [425, 206, 48, 48], [495, 62, 37, 37], [219, 200, 44, 44], [439, 207, 46, 46], [325, 163, 45, 45], [544, 205, 44, 44]]}, {"min_neighbors": 6, "scale": 1.1, "faces": [[148, 57, 36, 36], [425, 206, 48, 48], [219, 200, 44, 44], [439, 207, 46, 46], [325, 163, 45, 45]]}], "judybats.gif": [{"min_neighbors": 0, "scale": 1.1, "faces": [[373, 404, 24, 24], [369, 401, 29, 29], [306, 374, 32, 32], [366, 398, 39, 39], [362, 394, 43, 43], [364, 394, 43, 43], [362, 397, 43, 43], [364, 397, 43, 43], [625, 424, 47, 47], [625, 427, 47, 47], [627, 427, 47, 47], [36, 379, 52, 52], [36, 381, 52, 52], [620, 425, 52, 52], [622, 425, 52, 52], [625, 425, 52, 52], [622, 423, 52, 52], [625, 423, 52, 52], [31, 377, 57, 57], [34, 377, 57, 57], [34, 379, 57, 57], [622, 419, 57, 57], [619, 422, 57, 57], [622, 422, 57, 57], [625, 422, 57, 57], [619, 425, 57, 57], [622, 425, 57, 57], [28, 377, 63, 63], [31, 377, 63, 63], [35, 377, 63, 63], [28, 373, 63, 63], [31, 373, 63, 63], [615, 417, 63, 63], [618, 417, 63, 63], [621, 417, 63, 63], [615, 424, 63, 63], [618, 424, 63, 63], [612, 421, 63, 63], [615, 421, 63, 63], [618, 421, 63, 63], [24, 369, 69, 69], [28, 369, 69, 69], [31, 369, 69, 69], [24, 373, 69, 69], [28, 373, 69, 69], [31, 373, 69, 69], [35, 373, 69, 69], [28, 376, 69, 69], [611, 414, 69, 69], [615, 414, 69, 69], [611, 418, 69, 69], [615, 418, 69, 69], [618, 418, 69, 69], [23, 365, 76, 76], [27, 365, 76, 76], [19, 368, 76, 76], [23, 368, 76, 76], [27, 368, 76, 76], [30, 368, 76, 76], [23, 372, 76, 76], [27, 372, 76, 76], [30, 372, 76, 76], [611, 410, 76, 76], [615, 410, 76, 76], [611, 414, 76, 76], [615, 414, 76, 76], [611, 418, 76, 76], [452, 129, 76, 76], [17, 363, 84, 84], [21, 363, 84, 84], [25, 363, 84, 84], [17, 368, 84, 84], [21, 368, 84, 84], [25, 368, 84, 84], [21, 372, 84, 84], [25, 372, 84, 84], [606, 414, 84, 84], [14, 358, 92, 92], [18, 358, 92, 92], [23, 358, 92, 92], [18, 368, 92, 92], [9, 363, 92, 92], [14, 363, 92, 92], [18, 363, 92, 92], [23, 363, 92, 92], [414, 303, 92, 92], [414, 308, 92, 92], [418, 308, 92, 92], [409, 312, 92, 92], [414, 312, 92, 92], [418, 312, 92, 92], [10, 364, 101, 101], [10, 354, 101, 101], [15, 354, 101, 101], [10, 359, 101, 101], [404, 303, 101, 101], [409, 303, 101, 101], [414, 303, 101, 101], [409, 308, 101, 101], [414, 308, 101, 101], [406, 295, 111, 111], [411, 295, 111, 111], [400, 300, 111, 111], [406, 300, 111, 111], [411, 300, 111, 111], [406, 306, 111, 111], [411, 306, 111, 111], [6, 417, 111, 111], [398, 294, 122, 122], [404, 294, 122, 122], [398, 300, 122, 122], [404, 300, 122, 122], [390, 289, 135, 135], [397, 289, 135, 135], [390, 296, 135, 135], [397, 296, 135, 135], [111, 207, 148, 148], [385, 281, 148, 148], [392, 281, 148, 148], [89, 177, 197, 197], [98, 177, 197, 197], [76, 163, 217, 217], [87, 163, 217, 217], [76, 173, 217, 217], [87, 173, 217, 217], [98, 173, 217, 217], [72, 155, 238, 238], [83, 155, 238, 238], [60, 167, 238, 238], [72, 167, 238, 238], [52, 144, 262, 262], [66, 144, 262, 262], [79, 144, 262, 262], [66, 157, 262, 262], [58, 130, 288, 288], [43, 144, 288, 288], [58, 144, 288, 288]]}, {"min_neighbors": 1, "scale": 1.1, "faces": [[364, 396, 42, 42], [618, 420, 62, 62], [24, 369, 77, 77], [405, 300, 113, 113], [73, 158, 241, 241]]}, {"min_neighbors": 2, "scale": 1.1, "faces": [[364, 396, 42, 42], [618, 420, 62, 62], [24, 369, 77, 77], [405, 300, 113, 113], [73, 158, 241, 241]]}, {"min_neighbors": 3, "scale": 1.1, "faces": [[364, 396, 42, 42], [618, 420, 62, 62], [24, 369, 77, 77], [405, 300, 113, 113], [73, 158, 241, 241]]}, {"min_neighbors": 4, "scale": 1.1, "faces": [[364, 396, 42, 42], [618, 420, 62, 62], [24, 369, 77, 77], [405, 300, 113, 113], [73, 158, 241, 241]]}, {"min_neighbors": 5, "scale": 1.1, "faces": [[618, 420, 62, 62], [24, 369, 77, 77], [405, 300, 113, 113], [73, 158, 241, 241]]}, {"min_neighbors": 6, "scale": 1.1, "faces": [[618, 420, 62, 62], [24, 369, 77, 77], [405, 300, 113, 113], [73, 158, 241, 241]]}], "voyager2.gif": [{"min_neighbors": 0, "scale": 1.1, "faces": [[282, 169, 22, 22], [200, 66, 22, 22], [95, 202, 22, 22], [549, 336, 24, 24], [266, 83, 27, 27], [548, 335, 27, 27], [278, 697, 29, 29], [100, 750, 32, 32], [174, 156, 35, 35], [269, 673, 35, 35], [264, 210, 43, 43], [266, 210, 43, 43], [266, 212, 43, 43], [266, 214, 43, 43], [431, 184, 43, 43], [534, 69, 43, 43], [431, 186, 43, 43], [259, 195, 43, 43], [532, 94, 43, 43], [161, 247, 43, 43], [342, 40, 47, 47], [342, 42, 47, 47], [344, 42, 47, 47], [344, 52, 47, 47], [526, 92, 47, 47], [54, 137, 47, 47], [167, 151, 47, 47], [427, 182, 47, 47], [424, 184, 47, 47], [427, 184, 47, 47], [424, 186, 47, 47], [427, 186, 47, 47], [259, 210, 47, 47], [262, 210, 47, 47], [264, 210, 47, 47], [262, 212, 47, 47], [337, 307, 47, 47], [340, 307, 47, 47], [342, 307, 47, 47], [519, 290, 47, 47], [340, 304, 47, 47], [262, 667, 47, 47], [257, 207, 52, 52], [259, 207, 52, 52], [262, 207, 52, 52], [259, 210, 52, 52], [262, 210, 52, 52], [337, 39, 52, 52], [340, 39, 52, 52], [342, 39, 52, 52], [340, 41, 52, 52], [153, 267, 52, 52], [150, 270, 52, 52], [425, 179, 52, 52], [521, 91, 52, 52], [524, 91, 52, 52], [423, 182, 52, 52], [527, 91, 52, 52], [425, 182, 52, 52], [514, 290, 52, 52], [516, 290, 52, 52], [524, 93, 52, 52], [521, 88, 52, 52], [524, 88, 52, 52], [527, 88, 52, 52], [423, 184, 52, 52], [514, 293, 52, 52], [337, 301, 52, 52], [335, 303, 52, 52], [337, 303, 52, 52], [163, 148, 52, 52], [335, 306, 52, 52], [337, 306, 52, 52], [337, 34, 57, 57], [334, 37, 57, 57], [337, 37, 57, 57], [340, 37, 57, 57], [340, 40, 57, 57], [522, 86, 57, 57], [516, 88, 57, 57], [519, 88, 57, 57], [522, 88, 57, 57], [519, 91, 57, 57], [522, 91, 57, 57], [522, 94, 57, 57], [51, 131, 57, 57], [46, 134, 57, 57], [49, 134, 57, 57], [160, 146, 57, 57], [419, 177, 57, 57], [422, 177, 57, 57], [417, 180, 57, 57], [419, 180, 57, 57], [422, 180, 57, 57], [425, 180, 57, 57], [419, 183, 57, 57], [422, 183, 57, 57], [254, 205, 57, 57], [257, 205, 57, 57], [260, 205, 57, 57], [254, 208, 57, 57], [257, 208, 57, 57], [260, 208, 57, 57], [146, 265, 57, 57], [148, 268, 57, 57], [508, 288, 57, 57], [511, 288, 57, 57], [514, 288, 57, 57], [511, 291, 57, 57], [511, 294, 57, 57], [511, 297, 57, 57], [334, 300, 57, 57], [337, 300, 57, 57], [334, 308, 57, 57], [331, 302, 57, 57], [334, 302, 57, 57], [337, 302, 57, 57], [334, 305, 57, 57], [254, 204, 63, 63], [257, 204, 63, 63], [336, 31, 63, 63], [254, 207, 63, 63], [257, 207, 63, 63], [336, 35, 63, 63], [339, 35, 63, 63], [333, 38, 63, 63], [19, 132, 63, 63], [339, 38, 63, 63], [44, 132, 63, 63], [47, 132, 63, 63], [44, 135, 63, 63], [336, 41, 63, 63], [47, 138, 63, 63], [44, 129, 63, 63], [47, 129, 63, 63], [257, 659, 63, 63], [260, 659, 63, 63], [157, 144, 63, 63], [508, 282, 63, 63], [512, 282, 63, 63], [508, 286, 63, 63], [512, 286, 63, 63], [515, 286, 63, 63], [508, 289, 63, 63], [512, 289, 63, 63], [521, 82, 63, 63], [141, 264, 63, 63], [144, 264, 63, 63], [148, 264, 63, 63], [151, 264, 63, 63], [417, 176, 63, 63], [421, 176, 63, 63], [508, 292, 63, 63], [424, 176, 63, 63], [512, 292, 63, 63], [518, 85, 63, 63], [521, 85, 63, 63], [144, 260, 63, 63], [144, 267, 63, 63], [148, 260, 63, 63], [148, 267, 63, 63], [417, 179, 63, 63], [421, 179, 63, 63], [424, 179, 63, 63], [518, 88, 63, 63], [521, 88, 63, 63], [330, 298, 63, 63], [524, 88, 63, 63], [333, 298, 63, 63], [336, 298, 63, 63], [326, 301, 63, 63], [421, 182, 63, 63], [330, 301, 63, 63], [518, 91, 63, 63], [333, 301, 63, 63], [336, 301, 63, 63], [330, 304, 63, 63], [333, 304, 63, 63], [249, 200, 69, 69], [252, 200, 69, 69], [249, 204, 69, 69], [252, 204, 69, 69], [138, 110, 69, 69], [331, 28, 69, 69], [38, 124, 69, 69], [41, 124, 69, 69], [45, 124, 69, 69], [331, 31, 69, 69], [335, 31, 69, 69], [41, 128, 69, 69], [45, 128, 69, 69], [48, 128, 69, 69], [331, 35, 69, 69], [335, 35, 69, 69], [38, 131, 69, 69], [338, 35, 69, 69], [41, 131, 69, 69], [45, 131, 69, 69], [155, 138, 69, 69], [159, 138, 69, 69], [152, 142, 69, 69], [155, 142, 69, 69], [152, 145, 69, 69], [155, 145, 69, 69], [514, 79, 69, 69], [518, 79, 69, 69], [142, 259, 69, 69], [148, 259, 69, 69], [511, 83, 69, 69], [138, 262, 69, 69], [514, 83, 69, 69], [142, 262, 69, 69], [518, 83, 69, 69], [145, 262, 69, 69], [504, 290, 69, 69], [507, 290, 69, 69], [511, 86, 69, 69], [138, 266, 69, 69], [514, 86, 69, 69], [142, 266, 69, 69], [518, 86, 69, 69], [145, 266, 69, 69], [411, 173, 69, 69], [414, 173, 69, 69], [418, 173, 69, 69], [421, 173, 69, 69], [328, 293, 69, 69], [518, 90, 69, 69], [321, 297, 69, 69], [411, 176, 69, 69], [325, 297, 69, 69], [414, 176, 69, 69], [328, 297, 69, 69], [418, 176, 69, 69], [331, 297, 69, 69], [421, 176, 69, 69], [325, 300, 69, 69], [411, 180, 69, 69], [328, 300, 69, 69], [414, 180, 69, 69], [331, 300, 69, 69], [418, 180, 69, 69], [507, 280, 69, 69], [501, 283, 69, 69], [504, 283, 69, 69], [507, 283, 69, 69], [501, 287, 69, 69], [504, 287, 69, 69], [507, 287, 69, 69], [334, 27, 76, 76], [327, 30, 76, 76], [330, 30, 76, 76], [334, 30, 76, 76], [330, 34, 76, 76], [334, 34, 76, 76], [84, 38, 76, 76], [513, 76, 76, 76], [505, 80, 76, 76], [509, 80, 76, 76], [513, 80, 76, 76], [516, 80, 76, 76], [520, 80, 76, 76], [505, 84, 76, 76], [509, 84, 76, 76], [513, 84, 76, 76], [516, 84, 76, 76], [520, 84, 76, 76], [513, 87, 76, 76], [38, 122, 76, 76], [42, 122, 76, 76], [34, 125, 76, 76], [38, 125, 76, 76], [42, 125, 76, 76], [46, 125, 76, 76], [34, 129, 76, 76], [38, 129, 76, 76], [42, 129, 76, 76], [46, 129, 76, 76], [156, 133, 76, 76], [148, 137, 76, 76], [152, 137, 76, 76], [156, 137, 76, 76], [152, 141, 76, 76], [414, 167, 76, 76], [406, 171, 76, 76], [410, 171, 76, 76], [414, 171, 76, 76], [418, 171, 76, 76], [406, 175, 76, 76], [410, 175, 76, 76], [414, 175, 76, 76], [247, 197, 76, 76], [251, 197, 76, 76], [243, 201, 76, 76], [137, 254, 76, 76], [141, 254, 76, 76], [133, 258, 76, 76], [137, 258, 76, 76], [141, 258, 76, 76], [133, 262, 76, 76], [137, 262, 76, 76], [141, 262, 76, 76], [144, 262, 76, 76], [497, 281, 76, 76], [501, 281, 76, 76], [505, 281, 76, 76], [509, 281, 76, 76], [501, 285, 76, 76], [505, 285, 76, 76], [509, 285, 76, 76], [501, 289, 76, 76], [505, 289, 76, 76], [319, 292, 76, 76], [323, 292, 76, 76], [327, 292, 76, 76], [330, 292, 76, 76], [319, 296, 76, 76], [323, 296, 76, 76], [327, 296, 76, 76], [330, 296, 76, 76], [319, 300, 76, 76], [323, 300, 76, 76], [327, 300, 76, 76], [330, 300, 76, 76], [243, 657, 76, 76], [405, 167, 84, 84], [409, 167, 84, 84], [414, 167, 84, 84], [418, 167, 84, 84], [505, 75, 84, 84], [405, 171, 84, 84], [510, 75, 84, 84], [409, 171, 84, 84], [514, 75, 84, 84], [505, 79, 84, 84], [510, 79, 84, 84], [514, 79, 84, 84], [330, 25, 84, 84], [322, 29, 84, 84], [330, 29, 84, 84], [142, 134, 84, 84], [146, 134, 84, 84], [150, 134, 84, 84], [493, 276, 84, 84], [146, 138, 84, 84], [497, 276, 84, 84], [150, 138, 84, 84], [501, 276, 84, 84], [33, 121, 84, 84], [497, 280, 84, 84], [38, 121, 84, 84], [501, 280, 84, 84], [42, 121, 84, 84], [505, 280, 84, 84], [33, 125, 84, 84], [501, 284, 84, 84], [38, 125, 84, 84], [505, 284, 84, 84], [42, 125, 84, 84], [313, 288, 84, 84], [317, 288, 84, 84], [322, 288, 84, 84], [326, 288, 84, 84], [150, 129, 84, 84], [313, 292, 84, 84], [317, 292, 84, 84], [322, 292, 84, 84], [326, 292, 84, 84], [313, 297, 84, 84], [317, 297, 84, 84], [322, 297, 84, 84], [326, 297, 84, 84], [134, 251, 84, 84], [134, 255, 84, 84], [138, 255, 84, 84], [125, 259, 84, 84], [129, 259, 84, 84], [134, 259, 84, 84], [138, 259, 84, 84], [134, 263, 84, 84], [129, 248, 92, 92], [133, 248, 92, 92], [308, 289, 92, 92], [404, 165, 92, 92], [312, 289, 92, 92], [317, 289, 92, 92], [414, 165, 92, 92], [322, 289, 92, 92], [129, 253, 92, 92], [133, 253, 92, 92], [138, 253, 92, 92], [124, 257, 92, 92], [129, 257, 92, 92], [133, 257, 92, 92], [326, 23, 92, 92], [496, 271, 92, 92], [501, 271, 92, 92], [505, 271, 92, 92], [496, 276, 92, 92], [501, 276, 92, 92], [505, 276, 92, 92], [312, 285, 92, 92], [317, 285, 92, 92], [322, 285, 92, 92], [326, 285, 92, 92], [28, 124, 92, 92], [32, 124, 92, 92], [147, 124, 92, 92], [142, 129, 92, 92], [147, 129, 92, 92], [138, 133, 92, 92], [142, 133, 92, 92], [501, 74, 92, 92], [147, 133, 92, 92], [505, 74, 92, 92], [32, 115, 92, 92], [510, 74, 92, 92], [37, 115, 92, 92], [515, 74, 92, 92], [505, 78, 92, 92], [28, 119, 92, 92], [32, 119, 92, 92], [37, 119, 92, 92], [404, 161, 92, 92], [409, 161, 92, 92], [414, 161, 92, 92], [404, 157, 101, 101], [399, 162, 101, 101], [404, 162, 101, 101], [30, 111, 101, 101], [485, 268, 101, 101], [490, 268, 101, 101], [495, 268, 101, 101], [25, 116, 101, 101], [500, 268, 101, 101], [30, 116, 101, 101], [485, 273, 101, 101], [490, 273, 101, 101], [495, 273, 101, 101], [500, 273, 101, 101], [142, 121, 101, 101], [147, 121, 101, 101], [313, 278, 101, 101], [136, 126, 101, 101], [142, 126, 101, 101], [308, 283, 101, 101], [313, 283, 101, 101], [318, 283, 101, 101], [126, 243, 101, 101], [303, 288, 101, 101], [308, 288, 101, 101], [121, 248, 101, 101], [126, 248, 101, 101], [136, 248, 101, 101], [117, 245, 111, 111], [495, 261, 111, 111], [489, 267, 111, 111], [495, 267, 111, 111], [484, 272, 111, 111], [489, 272, 111, 111], [311, 284, 111, 111], [477, 263, 122, 122], [306, 275, 122, 122]]}, {"min_neighbors": 1, "scale": 1.1, "faces": [[151, 136, 78, 78], [257, 206, 57, 57], [416, 175, 69, 69], [516, 84, 69, 69], [335, 34, 65, 65], [40, 126, 76, 76], [503, 281, 79, 79], [325, 295, 75, 75], [138, 259, 78, 78], [258, 659, 63, 63]]}, {"min_neighbors": 2, "scale": 1.1, "faces": [[151, 136, 78, 78], [516, 84, 69, 69], [257, 206, 57, 57], [416, 175, 69, 69], [335, 34, 65, 65], [40, 126, 76, 76], [503, 281, 79, 79], [325, 295, 75, 75], [138, 259, 78, 78]]}, {"min_neighbors": 3, "scale": 1.1, "faces": [[151, 136, 78, 78], [516, 84, 69, 69], [257, 206, 57, 57], [416, 175, 69, 69], [40, 126, 76, 76], [503, 281, 79, 79], [335, 34, 65, 65], [325, 295, 75, 75], [138, 259, 78, 78]]}, {"min_neighbors": 4, "scale": 1.1, "faces": [[151, 136, 78, 78], [257, 206, 57, 57], [516, 84, 69, 69], [416, 175, 69, 69], [335, 34, 65, 65], [40, 126, 76, 76], [503, 281, 79, 79], [325, 295, 75, 75], [138, 259, 78, 78]]}, {"min_neighbors": 5, "scale": 1.1, "faces": [[151, 136, 78, 78], [257, 206, 57, 57], [416, 175, 69, 69], [516, 84, 69, 69], [335, 34, 65, 65], [40, 126, 76, 76], [503, 281, 79, 79], [325, 295, 75, 75], [138, 259, 78, 78]]}, {"min_neighbors": 6, "scale": 1.1, "faces": [[151, 136, 78, 78], [257, 206, 57, 57], [516, 84, 69, 69], [416, 175, 69, 69], [503, 281, 79, 79], [325, 295, 75, 75], [40, 126, 76, 76], [335, 34, 65, 65], [138, 259, 78, 78]]}], "plays.gif": [{"min_neighbors": 0, "scale": 1.1, "faces": [[403, 308, 22, 22], [354, 271, 22, 22], [496, 368, 24, 24], [367, 5, 27, 27], [402, 106, 27, 27], [495, 3, 29, 29], [477, 35, 29, 29], [328, 85, 29, 29], [331, 85, 29, 29], [398, 105, 29, 29], [399, 103, 32, 32], [329, 84, 32, 32], [492, 0, 35, 35], [326, 81, 35, 35], [397, 103, 35, 35], [138, 570, 35, 35], [323, 82, 39, 39], [394, 101, 39, 39], [322, 77, 43, 43], [58, 645, 43, 43], [319, 79, 43, 43], [322, 79, 43, 43], [324, 79, 43, 43], [476, 79, 43, 43], [392, 99, 43, 43], [390, 101, 43, 43], [392, 101, 43, 43], [399, 114, 43, 43], [26, 94, 47, 47], [318, 75, 47, 47], [321, 75, 47, 47], [318, 78, 47, 47], [321, 78, 47, 47], [323, 78, 47, 47], [26, 236, 47, 47], [316, 73, 52, 52], [319, 73, 52, 52], [316, 75, 52, 52], [319, 75, 52, 52], [47, 93, 52, 52], [425, 373, 52, 52], [428, 373, 52, 52], [382, 571, 57, 57], [317, 71, 57, 57], [163, 106, 57, 57], [311, 72, 63, 63], [314, 72, 63, 63], [38, 562, 76, 76], [28, 556, 92, 92], [25, 551, 101, 101], [17, 545, 111, 111], [11, 550, 111, 111], [17, 550, 111, 111], [22, 550, 111, 111], [17, 556, 111, 111], [6, 550, 122, 122], [12, 550, 122, 122], [12, 538, 122, 122], [0, 544, 122, 122], [6, 544, 122, 122], [12, 544, 122, 122], [18, 544, 122, 122], [7, 531, 135, 135], [0, 538, 135, 135], [7, 538, 135, 135], [13, 538, 135, 135], [0, 545, 135, 135], [7, 545, 135, 135], [13, 545, 135, 135], [0, 525, 148, 148], [7, 525, 148, 148], [0, 533, 148, 148], [7, 533, 148, 148], [0, 521, 163, 163], [0, 529, 163, 163], [8, 529, 163, 163]]}, {"min_neighbors": 1, "scale": 1.1, "faces": [[396, 102, 36, 36], [494, 2, 32, 32], [321, 77, 46, 46], [426, 373, 52, 52], [11, 542, 128, 128]]}, {"min_neighbors": 2, "scale": 1.1, "faces": [[396, 102, 36, 36], [321, 77, 46, 46], [11, 542, 128, 128]]}, {"min_neighbors": 3, "scale": 1.1, "faces": [[396, 102, 36, 36], [321, 77, 46, 46], [11, 542, 128, 128]]}, {"min_neighbors": 4, "scale": 1.1, "faces": [[396, 102, 36, 36], [321, 77, 46, 46], [11, 542, 128, 128]]}, {"min_neighbors": 5, "scale": 1.1, "faces": [[396, 102, 36, 36], [321, 77, 46, 46], [11, 542, 128, 128]]}, {"min_neighbors": 6, "scale": 1.1, "faces": [[396, 102, 36, 36], [321, 77, 46, 46], [11, 542, 128, 128]]}], "cluttered-tahoe.gif": [{"min_neighbors": 0, "scale": 1.1, "faces": [[22, 34, 20, 20], [2, 308, 22, 22], [213, 3, 27, 27], [38, 220, 29, 29], [170, 382, 47, 47]]}, {"min_neighbors": 1, "scale": 1.1, "faces": []}, {"min_neighbors": 2, "scale": 1.1, "faces": []}, {"min_neighbors": 3, "scale": 1.1, "faces": []}, {"min_neighbors": 4, "scale": 1.1, "faces": []}, {"min_neighbors": 5, "scale": 1.1, "faces": []}, {"min_neighbors": 6, "scale": 1.1, "faces": []}], "me.gif": [{"min_neighbors": 0, "scale": 1.1, "faces": [[5, 36, 24, 24], [138, 29, 29, 29], [135, 29, 32, 32], [135, 28, 35, 35], [133, 23, 39, 39], [131, 24, 43, 43], [133, 24, 43, 43], [129, 26, 43, 43], [131, 26, 43, 43], [133, 26, 43, 43], [129, 28, 43, 43], [131, 28, 43, 43], [127, 21, 47, 47], [130, 21, 47, 47], [132, 21, 47, 47], [127, 24, 47, 47], [130, 24, 47, 47], [127, 26, 47, 47], [124, 21, 52, 52], [124, 23, 52, 52], [127, 23, 52, 52]]}, {"min_neighbors": 1, "scale": 1.1, "faces": [[130, 25, 44, 44]]}, {"min_neighbors": 2, "scale": 1.1, "faces": [[130, 25, 44, 44]]}, {"min_neighbors": 3, "scale": 1.1, "faces": [[130, 25, 44, 44]]}, {"min_neighbors": 4, "scale": 1.1, "faces": [[130, 25, 44, 44]]}, {"min_neighbors": 5, "scale": 1.1, "faces": [[130, 25, 44, 44]]}, {"min_neighbors": 6, "scale": 1.1, "faces": [[130, 25, 44, 44]]}], "nens.gif": [{"min_neighbors": 0, "scale": 1.1, "faces": [[201, 22, 24, 24], [94, 24, 24, 24], [34, 160, 24, 24], [46, 34, 24, 24], [48, 34, 24, 24], [143, 167, 24, 24], [15, 85, 24, 24], [17, 85, 24, 24], [167, 97, 24, 24], [61, 102, 24, 24], [63, 102, 24, 24], [114, 104, 27, 27], [117, 104, 27, 27], [229, 106, 27, 27], [146, 11, 27, 27], [197, 19, 27, 27], [200, 19, 27, 27], [91, 24, 27, 27], [93, 24, 27, 27], [43, 32, 27, 27], [45, 32, 27, 27], [13, 83, 27, 27], [16, 83, 27, 27], [32, 157, 27, 27], [35, 157, 27, 27], [186, 160, 27, 27], [85, 162, 27, 27], [88, 162, 27, 27], [91, 162, 27, 27], [165, 96, 27, 27], [168, 96, 27, 27], [138, 165, 27, 27], [141, 165, 27, 27], [61, 101, 27, 27], [146, 9, 29, 29], [196, 18, 29, 29], [199, 18, 29, 29], [91, 23, 29, 29], [94, 23, 29, 29], [44, 29, 29, 29], [44, 32, 29, 29], [32, 155, 29, 29], [12, 82, 29, 29], [32, 158, 29, 29], [15, 82, 29, 29], [184, 158, 29, 29], [187, 158, 29, 29], [85, 161, 29, 29], [88, 161, 29, 29], [164, 94, 29, 29], [167, 94, 29, 29], [138, 164, 29, 29], [141, 164, 29, 29], [164, 97, 29, 29], [59, 100, 29, 29], [61, 100, 29, 29], [114, 102, 29, 29], [161, 93, 32, 32], [145, 6, 32, 32], [164, 93, 32, 32], [58, 97, 32, 32], [55, 100, 32, 32], [58, 100, 32, 32], [196, 16, 32, 32], [113, 100, 32, 32], [113, 103, 32, 32], [29, 155, 32, 32], [32, 155, 32, 32], [90, 23, 32, 32], [39, 29, 32, 32], [84, 158, 32, 32], [42, 29, 32, 32], [87, 158, 32, 32], [45, 29, 32, 32], [10, 81, 32, 32], [187, 158, 32, 32], [13, 81, 32, 32], [87, 161, 32, 32], [135, 164, 32, 32], [139, 164, 32, 32], [142, 7, 35, 35], [145, 7, 35, 35], [11, 78, 35, 35], [195, 14, 35, 35], [89, 18, 35, 35], [89, 21, 35, 35], [39, 28, 35, 35], [163, 92, 35, 35], [28, 152, 35, 35], [43, 28, 35, 35], [53, 96, 35, 35], [57, 96, 35, 35], [32, 156, 35, 35], [85, 156, 35, 35], [57, 99, 35, 35], [184, 156, 35, 35], [81, 159, 35, 35], [110, 99, 35, 35], [85, 159, 35, 35], [113, 99, 35, 35], [138, 163, 35, 35], [140, 4, 39, 39], [144, 4, 39, 39], [8, 78, 39, 39], [27, 152, 39, 39], [183, 152, 39, 39], [82, 156, 39, 39], [160, 90, 39, 39], [86, 19, 39, 39], [55, 94, 39, 39], [133, 160, 39, 39], [39, 27, 39, 39], [109, 97, 39, 39], [26, 150, 43, 43], [137, 2, 43, 43], [139, 2, 43, 43], [141, 2, 43, 43], [137, 4, 43, 43], [139, 4, 43, 43], [79, 154, 43, 43], [81, 154, 43, 43], [131, 156, 43, 43], [191, 11, 43, 43], [131, 159, 43, 43], [133, 159, 43, 43], [189, 13, 43, 43], [191, 13, 43, 43], [84, 15, 43, 43], [26, 148, 43, 43], [84, 17, 43, 43], [86, 17, 43, 43], [36, 24, 43, 43], [36, 26, 43, 43], [4, 73, 43, 43], [6, 73, 43, 43], [6, 75, 43, 43], [4, 77, 43, 43], [6, 77, 43, 43], [156, 88, 43, 43], [159, 88, 43, 43], [51, 92, 43, 43], [105, 96, 43, 43], [107, 96, 43, 43], [109, 99, 43, 43], [137, 0, 47, 47], [139, 0, 47, 47], [139, 2, 47, 47], [26, 149, 47, 47], [24, 151, 47, 47], [78, 153, 47, 47], [80, 153, 47, 47], [80, 156, 47, 47], [130, 158, 47, 47], [132, 158, 47, 47], [184, 26, 52, 52], [0, 73, 52, 52]]}, {"min_neighbors": 1, "scale": 1.1, "faces": [[196, 16, 33, 33], [89, 21, 34, 34], [42, 30, 32, 32], [30, 154, 35, 35], [136, 162, 36, 36], [10, 79, 35, 35], [163, 93, 32, 32], [58, 98, 32, 32], [111, 100, 35, 35], [141, 4, 39, 39], [185, 157, 32, 32], [84, 158, 36, 36]]}, {"min_neighbors": 2, "scale": 1.1, "faces": [[30, 154, 35, 35], [136, 162, 36, 36], [196, 16, 33, 33], [89, 21, 34, 34], [42, 30, 32, 32], [10, 79, 35, 35], [163, 93, 32, 32], [58, 98, 32, 32], [141, 4, 39, 39], [111, 100, 35, 35], [185, 157, 32, 32], [84, 158, 36, 36]]}, {"min_neighbors": 3, "scale": 1.1, "faces": [[30, 154, 35, 35], [136, 162, 36, 36], [10, 79, 35, 35], [42, 30, 32, 32], [163, 93, 32, 32], [58, 98, 32, 32], [196, 16, 33, 33], [89, 21, 34, 34], [141, 4, 39, 39], [111, 100, 35, 35], [185, 157, 32, 32], [84, 158, 36, 36]]}, {"min_neighbors": 4, "scale": 1.1, "faces": [[30, 154, 35, 35], [136, 162, 36, 36], [10, 79, 35, 35], [163, 93, 32, 32], [58, 98, 32, 32], [42, 30, 32, 32], [196, 16, 33, 33], [89, 21, 34, 34], [111, 100, 35, 35], [141, 4, 39, 39], [185, 157, 32, 32], [84, 158, 36, 36]]}, {"min_neighbors": 5, "scale": 1.1, "faces": [[196, 16, 33, 33], [30, 154, 35, 35], [89, 21, 34, 34], [42, 30, 32, 32], [136, 162, 36, 36], [10, 79, 35, 35], [163, 93, 32, 32], [58, 98, 32, 32], [111, 100, 35, 35], [141, 4, 39, 39], [185, 157, 32, 32], [84, 158, 36, 36]]}, {"min_neighbors": 6, "scale": 1.1, "faces": [[196, 16, 33, 33], [89, 21, 34, 34], [42, 30, 32, 32], [30, 154, 35, 35], [136, 162, 36, 36], [10, 79, 35, 35], [163, 93, 32, 32], [58, 98, 32, 32], [111, 100, 35, 35], [141, 4, 39, 39], [84, 158, 36, 36]]}], "book.gif": [{"min_neighbors": 0, "scale": 1.1, "faces": [[164, 369, 29, 29], [88, 375, 29, 29], [170, 164, 29, 29], [103, 680, 32, 32], [135, 541, 32, 32], [164, 364, 32, 32], [164, 367, 32, 32], [84, 374, 32, 32], [87, 374, 32, 32], [81, 372, 35, 35], [163, 361, 35, 35], [163, 365, 35, 35], [160, 362, 39, 39], [82, 370, 39, 39], [41, 88, 43, 43], [79, 369, 43, 43], [81, 369, 43, 43], [79, 371, 43, 43], [161, 360, 43, 43], [163, 360, 43, 43], [161, 362, 43, 43], [158, 358, 47, 47], [101, 31, 52, 52], [156, 358, 52, 52]]}, {"min_neighbors": 1, "scale": 1.1, "faces": [[162, 362, 39, 39], [83, 372, 37, 37]]}, {"min_neighbors": 2, "scale": 1.1, "faces": [[162, 362, 39, 39], [83, 372, 37, 37]]}, {"min_neighbors": 3, "scale": 1.1, "faces": [[162, 362, 39, 39], [83, 372, 37, 37]]}, {"min_neighbors": 4, "scale": 1.1, "faces": [[162, 362, 39, 39], [83, 372, 37, 37]]}, {"min_neighbors": 5, "scale": 1.1, "faces": [[162, 362, 39, 39], [83, 372, 37, 37]]}, {"min_neighbors": 6, "scale": 1.1, "faces": [[162, 362, 39, 39], [83, 372, 37, 37]]}], "pace-university-double.gif": [{"min_neighbors": 0, "scale": 1.1, "faces": [[408, 124, 20, 20], [112, 252, 20, 20], [126, 128, 20, 20], [558, 68, 20, 20], [68, 264, 20, 20], [500, 264, 20, 20], [744, 264, 20, 20], [750, 264, 20, 20], [602, 54, 20, 20], [734, 194, 20, 20], [468, 56, 20, 20], [694, 150, 20, 20], [4, 152, 20, 20], [82, 58, 20, 20], [516, 86, 20, 20], [158, 164, 20, 20], [0, 220, 20, 20], [30, 166, 20, 20], [322, 224, 20, 20], [316, 238, 20, 20], [552, 242, 20, 20], [102, 176, 20, 20], [186, 116, 20, 20], [656, 406, 20, 20], [802, 394, 20, 20], [606, 328, 20, 20], [658, 368, 20, 20], [0, 337, 22, 22], [253, 392, 22, 22], [796, 394, 22, 22], [801, 394, 22, 22], [464, 123, 22, 22], [178, 315, 22, 22], [469, 132, 22, 22], [350, 244, 22, 22], [711, 244, 22, 22], [110, 251, 22, 22], [68, 264, 22, 22], [392, 323, 22, 22], [350, 53, 22, 22], [110, 273, 22, 22], [469, 55, 22, 22], [79, 57, 22, 22], [385, 68, 22, 22], [506, 57, 22, 22], [403, 156, 22, 22], [733, 194, 22, 22], [321, 222, 22, 22], [603, 110, 22, 22], [177, 315, 24, 24], [595, 322, 24, 24], [281, 327, 24, 24], [177, 281, 24, 24], [407, 281, 24, 24], [319, 128, 24, 24], [472, 29, 24, 24], [10, 240, 24, 24], [348, 160, 24, 24], [549, 240, 24, 24], [554, 44, 24, 24], [252, 390, 24, 24], [769, 248, 27, 27], [67, 261, 27, 27], [711, 280, 27, 27], [138, 389, 27, 27], [644, 45, 27, 27], [571, 328, 29, 29], [278, 325, 29, 29], [531, 164, 32, 32], [602, 319, 35, 35], [106, 138, 35, 35], [779, 105, 39, 39], [0, 94, 39, 39], [144, 79, 43, 43], [776, 103, 43, 43], [776, 105, 43, 43], [356, 81, 43, 43], [354, 84, 43, 43], [6, 90, 43, 43], [9, 90, 43, 43], [6, 92, 43, 43], [454, 92, 43, 43], [457, 92, 43, 43], [454, 94, 43, 43], [457, 94, 43, 43], [101, 135, 43, 43], [450, 92, 47, 47], [453, 92, 47, 47], [455, 92, 47, 47], [351, 83, 47, 47], [354, 83, 47, 47], [5, 90, 47, 47], [7, 90, 47, 47], [453, 90, 47, 47], [776, 101, 47, 47], [3, 86, 52, 52], [451, 86, 52, 52], [687, 86, 52, 52], [3, 88, 52, 52], [451, 88, 52, 52], [454, 88, 52, 52], [451, 91, 52, 52], [454, 91, 52, 52], [565, 93, 52, 52], [773, 99, 52, 52], [773, 101, 52, 52], [776, 101, 52, 52], [350, 78, 52, 52], [353, 78, 52, 52], [353, 80, 52, 52], [559, 91, 57, 57], [562, 91, 57, 57], [146, 74, 57, 57], [562, 94, 57, 57], [342, 74, 57, 57], [345, 74, 57, 57], [348, 74, 57, 57], [345, 77, 57, 57], [348, 77, 57, 57], [351, 77, 57, 57], [767, 100, 57, 57], [679, 83, 57, 57], [682, 83, 57, 57], [0, 86, 57, 57], [3, 86, 57, 57], [445, 86, 57, 57], [448, 86, 57, 57], [451, 86, 57, 57], [679, 86, 57, 57], [682, 86, 57, 57], [231, 114, 57, 57], [445, 88, 57, 57], [448, 88, 57, 57], [559, 88, 57, 57], [562, 88, 57, 57], [200, 231, 57, 57], [443, 82, 63, 63], [766, 97, 63, 63], [446, 82, 63, 63], [144, 72, 63, 63], [342, 72, 63, 63], [345, 72, 63, 63], [678, 82, 63, 63], [681, 82, 63, 63], [446, 85, 63, 63], [449, 85, 63, 63], [345, 75, 63, 63], [678, 85, 63, 63], [446, 88, 63, 63], [559, 88, 63, 63], [562, 88, 63, 63], [559, 91, 63, 63], [562, 91, 63, 63], [556, 86, 69, 69], [559, 86, 69, 69], [142, 69, 69, 69], [338, 69, 69, 69], [673, 76, 69, 69], [673, 79, 69, 69], [677, 79, 69, 69], [556, 83, 69, 69], [677, 83, 69, 69], [205, 76, 76, 76], [672, 76, 76, 76], [676, 76, 76, 76], [441, 80, 76, 76], [141, 65, 76, 76], [672, 80, 76, 76], [554, 84, 76, 76], [414, 280, 84, 84], [668, 75, 84, 84], [551, 79, 84, 84], [221, 104, 84, 84], [664, 71, 84, 84], [668, 71, 84, 84], [673, 71, 84, 84], [216, 101, 92, 92], [200, 256, 111, 111], [178, 244, 148, 148], [148, 227, 197, 197]]}, {"min_neighbors": 1, "scale": 1.1, "faces": [[734, 194, 21, 21], [111, 252, 21, 21], [322, 223, 21, 21], [68, 263, 23, 23], [550, 241, 22, 22], [468, 56, 21, 21], [80, 58, 21, 21], [802, 394, 21, 21], [252, 391, 23, 23], [178, 315, 23, 23], [280, 326, 26, 26], [104, 136, 39, 39], [774, 101, 50, 50], [348, 77, 55, 55], [5, 89, 49, 49], [450, 88, 54, 54], [676, 79, 69, 69], [559, 88, 64, 64], [143, 70, 66, 66], [218, 102, 88, 88]]}, {"min_neighbors": 2, "scale": 1.1, "faces": [[68, 263, 23, 23], [774, 101, 50, 50], [348, 77, 55, 55], [5, 89, 49, 49], [450, 88, 54, 54], [676, 79, 69, 69], [559, 88, 64, 64], [143, 70, 66, 66]]}, {"min_neighbors": 3, "scale": 1.1, "faces": [[774, 101, 50, 50], [348, 77, 55, 55], [5, 89, 49, 49], [450, 88, 54, 54], [559, 88, 64, 64], [676, 79, 69, 69], [143, 70, 66, 66]]}, {"min_neighbors": 4, "scale": 1.1, "faces": [[774, 101, 50, 50], [348, 77, 55, 55], [5, 89, 49, 49], [450, 88, 54, 54], [559, 88, 64, 64], [676, 79, 69, 69]]}, {"min_neighbors": 5, "scale": 1.1, "faces": [[774, 101, 50, 50], [5, 89, 49, 49], [348, 77, 55, 55], [450, 88, 54, 54], [676, 79, 69, 69], [559, 88, 64, 64]]}, {"min_neighbors": 6, "scale": 1.1, "faces": [[774, 101, 50, 50], [348, 77, 55, 55], [5, 89, 49, 49], [450, 88, 54, 54], [676, 79, 69, 69], [559, 88, 64, 64]]}], "cpd.gif": [{"min_neighbors": 0, "scale": 1.1, "faces": [[301, 92, 84, 84], [305, 92, 84, 84], [301, 96, 84, 84], [299, 87, 92, 92], [293, 86, 101, 101], [161, 117, 111, 111], [153, 98, 122, 122], [159, 104, 122, 122], [135, 101, 135, 135], [133, 89, 148, 148], [141, 89, 148, 148], [126, 96, 148, 148], [133, 96, 148, 148], [141, 96, 148, 148], [141, 104, 148, 148], [114, 81, 163, 163], [130, 81, 163, 163], [138, 81, 163, 163], [122, 90, 163, 163], [130, 90, 163, 163], [138, 90, 163, 163], [130, 98, 163, 163], [138, 98, 163, 163], [107, 72, 179, 179], [125, 72, 179, 179], [116, 81, 179, 179], [125, 81, 179, 179], [134, 81, 179, 179], [125, 90, 179, 179], [134, 90, 179, 179], [79, 0, 197, 197], [118, 69, 197, 197], [128, 69, 197, 197], [118, 79, 197, 197], [108, 65, 217, 217], [119, 65, 217, 217], [119, 48, 238, 238]]}, {"min_neighbors": 1, "scale": 1.1, "faces": [[300, 91, 89, 89], [130, 86, 168, 168]]}, {"min_neighbors": 2, "scale": 1.1, "faces": [[300, 91, 89, 89], [130, 86, 168, 168]]}, {"min_neighbors": 3, "scale": 1.1, "faces": [[300, 91, 89, 89], [130, 86, 168, 168]]}, {"min_neighbors": 4, "scale": 1.1, "faces": [[300, 91, 89, 89], [130, 86, 168, 168]]}, {"min_neighbors": 5, "scale": 1.1, "faces": [[130, 86, 168, 168]]}, {"min_neighbors": 6, "scale": 1.1, "faces": [[130, 86, 168, 168]]}], "next.gif": [{"min_neighbors": 0, "scale": 1.1, "faces": [[214, 46, 20, 20], [73, 13, 22, 22], [138, 24, 24, 24], [133, 24, 27, 27], [136, 24, 27, 27], [69, 11, 27, 27], [210, 43, 27, 27], [210, 45, 27, 27], [272, 141, 27, 27], [132, 23, 29, 29], [135, 23, 29, 29], [208, 44, 29, 29], [179, 132, 29, 29], [269, 138, 29, 29], [269, 141, 29, 29], [85, 152, 29, 29], [88, 152, 29, 29], [64, 6, 32, 32], [68, 6, 32, 32], [209, 42, 32, 32], [132, 23, 32, 32], [177, 129, 32, 32], [267, 139, 32, 32], [271, 139, 32, 32], [84, 148, 32, 32], [84, 151, 32, 32], [206, 39, 35, 35], [64, 7, 35, 35], [81, 149, 35, 35], [85, 149, 35, 35], [174, 128, 35, 35], [131, 18, 35, 35], [177, 128, 35, 35], [266, 135, 35, 35], [62, 4, 39, 39], [129, 19, 39, 39], [175, 125, 39, 39], [265, 133, 39, 39], [82, 148, 39, 39], [60, 2, 43, 43], [126, 15, 43, 43], [124, 17, 43, 43], [171, 122, 43, 43], [126, 17, 43, 43], [174, 122, 43, 43], [171, 124, 43, 43], [174, 124, 43, 43], [171, 126, 43, 43], [262, 131, 43, 43], [264, 131, 43, 43], [266, 131, 43, 43], [77, 144, 43, 43], [79, 144, 43, 43], [81, 144, 43, 43], [264, 133, 43, 43], [266, 133, 43, 43], [77, 146, 43, 43], [79, 146, 43, 43], [77, 148, 43, 43], [81, 148, 43, 43], [170, 120, 47, 47], [170, 123, 47, 47], [75, 141, 47, 47], [75, 144, 47, 47], [78, 144, 47, 47], [166, 119, 52, 52], [169, 122, 52, 52], [73, 140, 52, 52], [75, 143, 52, 52]]}, {"min_neighbors": 1, "scale": 1.1, "faces": [[210, 43, 28, 28], [66, 7, 33, 33], [131, 21, 34, 34], [267, 135, 36, 36], [80, 146, 41, 41], [173, 125, 42, 42]]}, {"min_neighbors": 2, "scale": 1.1, "faces": [[210, 43, 28, 28], [66, 7, 33, 33], [131, 21, 34, 34], [267, 135, 36, 36], [173, 125, 42, 42], [80, 146, 41, 41]]}, {"min_neighbors": 3, "scale": 1.1, "faces": [[210, 43, 28, 28], [66, 7, 33, 33], [131, 21, 34, 34], [267, 135, 36, 36], [173, 125, 42, 42], [80, 146, 41, 41]]}, {"min_neighbors": 4, "scale": 1.1, "faces": [[210, 43, 28, 28], [66, 7, 33, 33], [131, 21, 34, 34], [267, 135, 36, 36], [173, 125, 42, 42], [80, 146, 41, 41]]}, {"min_neighbors": 5, "scale": 1.1, "faces": [[210, 43, 28, 28], [66, 7, 33, 33], [131, 21, 34, 34], [267, 135, 36, 36], [173, 125, 42, 42], [80, 146, 41, 41]]}, {"min_neighbors": 6, "scale": 1.1, "faces": [[66, 7, 33, 33], [131, 21, 34, 34], [267, 135, 36, 36], [80, 146, 41, 41], [173, 125, 42, 42]]}], "tress-photo.gif": [{"min_neighbors": 0, "scale": 1.1, "faces": [[170, 138, 35, 35], [150, 145, 52, 52], [137, 133, 76, 76], [141, 137, 76, 76]]}, {"min_neighbors": 1, "scale": 1.1, "faces": [[139, 135, 76, 76]]}, {"min_neighbors": 2, "scale": 1.1, "faces": []}, {"min_neighbors": 3, "scale": 1.1, "faces": []}, {"min_neighbors": 4, "scale": 1.1, "faces": []}, {"min_neighbors": 5, "scale": 1.1, "faces": []}, {"min_neighbors": 6, "scale": 1.1, "faces": []}], "larroquette.gif": [{"min_neighbors": 0, "scale": 1.1, "faces": [[158, 30, 20, 20], [150, 434, 20, 20], [136, 152, 20, 20], [183, 132, 22, 22], [264, 145, 22, 22], [134, 152, 22, 22], [136, 152, 22, 22], [222, 95, 22, 22], [114, 103, 22, 22], [34, 63, 24, 24], [36, 63, 24, 24], [182, 131, 24, 24], [220, 94, 24, 24], [133, 150, 24, 24], [136, 150, 24, 24], [111, 102, 24, 24], [114, 102, 24, 24], [102, 220, 24, 24], [104, 220, 24, 24], [295, 261, 24, 24], [218, 93, 27, 27], [112, 98, 27, 27], [112, 101, 27, 27], [293, 258, 27, 27], [178, 130, 27, 27], [181, 130, 27, 27], [184, 130, 27, 27], [120, 178, 27, 27], [133, 149, 27, 27], [333, 149, 27, 27], [130, 152, 27, 27], [133, 152, 27, 27], [333, 152, 27, 27], [179, 129, 29, 29], [182, 129, 29, 29], [220, 91, 29, 29], [220, 94, 29, 29], [108, 100, 29, 29], [261, 141, 29, 29], [261, 143, 29, 29], [132, 149, 29, 29], [331, 149, 29, 29], [334, 149, 29, 29], [100, 220, 29, 29], [293, 258, 29, 29], [216, 90, 32, 32], [219, 90, 32, 32], [110, 97, 32, 32], [74, 110, 32, 32], [177, 225, 32, 32], [177, 126, 32, 32], [258, 139, 32, 32], [129, 148, 32, 32], [132, 148, 32, 32], [329, 148, 32, 32], [332, 148, 32, 32], [97, 216, 32, 32], [100, 216, 32, 32], [128, 145, 35, 35], [131, 145, 35, 35], [177, 124, 35, 35], [326, 145, 35, 35], [330, 145, 35, 35], [177, 128, 35, 35], [255, 138, 35, 35], [96, 213, 35, 35], [259, 138, 35, 35], [99, 213, 35, 35], [96, 216, 35, 35], [99, 216, 35, 35], [216, 89, 35, 35], [106, 96, 35, 35], [175, 125, 39, 39], [257, 136, 39, 39], [129, 144, 39, 39], [327, 144, 39, 39], [97, 214, 39, 39], [174, 122, 43, 43], [253, 133, 43, 43], [255, 133, 43, 43], [251, 135, 43, 43], [255, 135, 43, 43], [253, 137, 43, 43], [94, 210, 43, 43], [92, 212, 43, 43], [94, 212, 43, 43], [124, 144, 43, 43], [212, 86, 43, 43], [105, 90, 43, 43], [174, 221, 43, 43], [103, 92, 43, 43], [252, 134, 47, 47], [246, 132, 52, 52], [140, 11, 57, 57], [117, 150, 84, 84], [297, 25, 84, 84], [391, 303, 92, 92]]}, {"min_neighbors": 1, "scale": 1.1, "faces": [[132, 149, 29, 29], [218, 91, 30, 30], [110, 98, 31, 31], [179, 128, 31, 31], [256, 137, 38, 38], [98, 215, 35, 35], [294, 259, 27, 27], [35, 63, 24, 24], [331, 148, 32, 32]]}, {"min_neighbors": 2, "scale": 1.1, "faces": [[132, 149, 29, 29], [179, 128, 31, 31], [256, 137, 38, 38], [218, 91, 30, 30], [110, 98, 31, 31], [98, 215, 35, 35], [294, 259, 27, 27], [331, 148, 32, 32]]}, {"min_neighbors": 3, "scale": 1.1, "faces": [[132, 149, 29, 29], [179, 128, 31, 31], [256, 137, 38, 38], [110, 98, 31, 31], [218, 91, 30, 30], [98, 215, 35, 35], [331, 148, 32, 32]]}, {"min_neighbors": 4, "scale": 1.1, "faces": [[132, 149, 29, 29], [179, 128, 31, 31], [256, 137, 38, 38], [218, 91, 30, 30], [110, 98, 31, 31], [98, 215, 35, 35], [331, 148, 32, 32]]}, {"min_neighbors": 5, "scale": 1.1, "faces": [[132, 149, 29, 29], [179, 128, 31, 31], [256, 137, 38, 38], [218, 91, 30, 30], [110, 98, 31, 31], [98, 215, 35, 35], [331, 148, 32, 32]]}, {"min_neighbors": 6, "scale": 1.1, "faces": [[132, 149, 29, 29], [179, 128, 31, 31], [256, 137, 38, 38], [218, 91, 30, 30], [110, 98, 31, 31], [98, 215, 35, 35], [331, 148, 32, 32]]}], "karen-and-rob.gif": [{"min_neighbors": 0, "scale": 1.1, "faces": [[20, 212, 20, 20], [132, 33, 22, 22], [51, 209, 22, 22], [20, 211, 22, 22], [154, 257, 22, 22], [131, 31, 24, 24], [46, 131, 24, 24], [310, 230, 24, 24], [128, 32, 27, 27], [290, 120, 27, 27], [306, 229, 27, 27], [235, 3, 32, 32], [301, 223, 35, 35], [259, 280, 35, 35], [195, 34, 43, 43], [178, 36, 43, 43], [193, 36, 43, 43], [195, 36, 43, 43], [195, 39, 43, 43], [88, 195, 43, 43], [84, 197, 43, 43], [86, 197, 43, 43], [86, 199, 43, 43], [88, 199, 43, 43], [191, 33, 47, 47], [193, 33, 47, 47], [189, 35, 47, 47], [191, 35, 47, 47], [193, 35, 47, 47], [196, 35, 47, 47], [193, 38, 47, 47], [83, 193, 47, 47], [85, 193, 47, 47], [83, 196, 47, 47], [85, 196, 47, 47], [143, 267, 52, 52], [80, 192, 52, 52], [83, 192, 52, 52], [80, 195, 52, 52], [83, 195, 52, 52], [189, 31, 52, 52], [192, 31, 52, 52], [189, 34, 