{"tommyrw.gif": [{"min_neighbors": 0, "scale": 1.1, "faces": [[84, 64, 43, 43], [84, 66, 43, 43], [86, 66, 43, 43], [83, 64, 47, 47], [83, 66, 47, 47], [85, 66, 47, 47], [80, 62, 52, 52], [80, 65, 52, 52], [80, 60, 57, 57], [77, 63, 57, 57], [75, 56, 63, 63]]}, {"min_neighbors": 1, "scale": 1.1, "faces": [[82, 63, 50, 50]]}, {"min_neighbors": 2, "scale": 1.1, "faces": [[82, 63, 50, 50]]}, {"min_neighbors": 3, "scale": 1.1, "faces": [[82, 63, 50, 50]]}, {"min_neighbors": 4, "scale": 1.1, "faces": [[82, 63, 50, 50]]}, {"min_neighbors": 5, "scale": 1.1, "faces": [[82, 63, 50, 50]]}, {"min_neighbors": 6, "scale": 1.1, "faces": [[82, 63, 50, 50]]}], "Colombia.gif": [{"min_neighbors": 0, "scale": 1.1, "faces": [[415, 98, 27, 27], [264, 44, 29, 29], [149, 59, 29, 29], [501, 64, 29, 29], [44, 70, 29, 29], [477, 316, 29, 29], [223, 208, 29, 29], [148, 58, 32, 32], [496, 64, 32, 32], [261, 42, 32, 32], [432, 213, 32, 32], [222, 206, 32, 32], [145, 57, 35, 35], [149, 57, 35, 35], [223, 206, 35, 35], [330, 167, 35, 35], [496, 64, 35, 35], [549, 209, 35, 35], [105, 226, 39, 39], [327, 164, 39, 39], [257, 39, 39, 39], [261, 39, 39, 39], [491, 62, 39, 39], [495, 62, 39, 39], [39, 66, 39, 39], [218, 203, 39, 39], [222, 203, 39, 39], [546, 207, 39, 39], [550, 207, 39, 39], [444, 210, 39, 39], [144, 51, 43, 43], [146, 51, 43, 43], [144, 54, 43, 43], [146, 54, 43, 43], [493, 58, 43, 43], [487, 60, 43, 43], [489, 60, 43, 43], [491, 60, 43, 43], [493, 60, 43, 43], [495, 60, 43, 43], [326, 163, 43, 43], [328, 163, 43, 43], [326, 165, 43, 43], [328, 165, 43, 43], [257, 39, 43, 43], [542, 206, 43, 43], [544, 206, 43, 43], [547, 206, 43, 43], [439, 208, 43, 43], [442, 208, 43, 43], [544, 208, 43, 43], [219, 199, 43, 43], [547, 208, 43, 43], [221, 199, 43, 43], [105, 210, 43, 43], [439, 210, 43, 43], [217, 201, 43, 43], [442, 210, 43, 43], [219, 201, 43, 43], [221, 201, 43, 43], [219, 204, 43, 43], [544, 204, 43, 43], [217, 198, 47, 47], [217, 200, 47, 47], [323, 160, 47, 47], [325, 160, 47, 47], [542, 203, 47, 47], [323, 163, 47, 47], [325, 163, 47, 47], [436, 205, 47, 47], [439, 205, 47, 47], [542, 205, 47, 47], [104, 207, 47, 47], [439, 207, 47, 47], [322, 161, 52, 52], [324, 161, 52, 52], [501, 334, 84, 84]]}, {"min_neighbors": 1, "scale": 1.1, "faces": [[260, 41, 36, 36], [146, 55, 38, 38], [493, 61, 39, 39], [220, 202, 40, 40], [326, 163, 45, 45], [545, 206, 42, 42], [440, 208, 44, 44], [104, 208, 45, 45]]}, {"min_neighbors": 2, "scale": 1.1, "faces": [[220, 202, 40, 40], [260, 41, 36, 36], [146, 55, 38, 38], [493, 61, 39, 39], [545, 206, 42, 42], [326, 163, 45, 45], [440, 208, 44, 44]]}, {"min_neighbors": 3, "scale": 1.1, "faces": [[260, 41, 36, 36], [146, 55, 38, 38], [493, 61, 39, 39], [220, 202, 40, 40], [545, 206, 42, 42], [326, 163, 45, 45], [440, 208, 44, 44]]}, {"min_neighbors": 4, "scale": 1.1, "faces": [[260, 41, 36, 36], [146, 55, 38, 38], [220, 202, 40, 40], [493, 61, 39, 39], [326, 163, 45, 45], [545, 206, 42, 42], [440, 208, 44, 44]]}, {"min_neighbors": 5, "scale": 1.1, "faces": [[146, 55, 38, 38], [493, 61, 39, 39], [220, 202, 40, 40], [326, 163, 45, 45], [545, 206, 42, 42], [440, 208, 44, 44]]}, {"min_neighbors": 6, "scale": 1.1, "faces": [[146, 55, 38, 38], [493, 61, 39, 39], [220, 202, 40, 40], [326, 163, 45, 45], [545, 206, 42, 42], [440, 208, 44, 44]]}], "judybats.gif": [{"min_neighbors": 0, "scale": 1.1, "faces": [[369, 401, 29, 29], [365, 400, 35, 35], [368, 400, 35, 35], [366, 398, 39, 39], [362, 394, 43, 43], [364, 394, 43, 43], [362, 397, 43, 43], [364, 397, 43, 43], [14, 382, 47, 47], [363, 394, 47, 47], [625, 424, 47, 47], [627, 424, 47, 47], [627, 427, 47, 47], [620, 423, 52, 52], [622, 423, 52, 52], [625, 423, 52, 52], [358, 392, 52, 52], [622, 425, 52, 52], [625, 425, 52, 52], [358, 394, 52, 52], [31, 377, 57, 57], [34, 379, 57, 57], [622, 419, 57, 57], [619, 422, 57, 57], [622, 422, 57, 57], [625, 422, 57, 57], [619, 425, 57, 57], [622, 425, 57, 57], [615, 417, 63, 63], [618, 417, 63, 63], [621, 417, 63, 63], [615, 421, 63, 63], [618, 421, 63, 63], [621, 421, 63, 63], [28, 373, 63, 63], [31, 373, 63, 63], [35, 373, 63, 63], [618, 424, 63, 63], [31, 377, 63, 63], [31, 380, 63, 63], [28, 369, 69, 69], [31, 369, 69, 69], [24, 373, 69, 69], [28, 373, 69, 69], [31, 373, 69, 69], [24, 376, 69, 69], [28, 376, 69, 69], [611, 414, 69, 69], [615, 414, 69, 69], [615, 418, 69, 69], [618, 418, 69, 69], [611, 421, 69, 69], [19, 365, 76, 76], [23, 365, 76, 76], [27, 365, 76, 76], [615, 410, 76, 76], [619, 410, 76, 76], [19, 368, 76, 76], [23, 368, 76, 76], [27, 368, 76, 76], [615, 414, 76, 76], [30, 368, 76, 76], [23, 372, 76, 76], [27, 372, 76, 76], [30, 372, 76, 76], [17, 363, 84, 84], [21, 363, 84, 84], [25, 363, 84, 84], [418, 313, 84, 84], [17, 368, 84, 84], [21, 368, 84, 84], [25, 368, 84, 84], [17, 372, 84, 84], [21, 372, 84, 84], [25, 372, 84, 84], [14, 358, 92, 92], [18, 358, 92, 92], [14, 363, 92, 92], [18, 363, 92, 92], [23, 363, 92, 92], [14, 368, 92, 92], [18, 368, 92, 92], [607, 404, 92, 92], [409, 308, 92, 92], [414, 308, 92, 92], [418, 308, 92, 92], [414, 312, 92, 92], [418, 312, 92, 92], [10, 354, 101, 101], [15, 354, 101, 101], [10, 359, 101, 101], [15, 359, 101, 101], [409, 298, 101, 101], [404, 303, 101, 101], [409, 303, 101, 101], [414, 303, 101, 101], [409, 308, 101, 101], [414, 308, 101, 101], [406, 295, 111, 111], [400, 300, 111, 111], [406, 300, 111, 111], [411, 300, 111, 111], [406, 306, 111, 111], [411, 306, 111, 111], [6, 356, 111, 111], [391, 294, 122, 122], [398, 294, 122, 122], [404, 294, 122, 122], [398, 300, 122, 122], [404, 300, 122, 122], [383, 289, 135, 135], [390, 289, 135, 135], [397, 289, 135, 135], [390, 296, 135, 135], [392, 281, 148, 148], [391, 277, 163, 163], [114, 187, 163, 163], [98, 188, 179, 179], [89, 177, 197, 197], [98, 177, 197, 197], [187, 187, 197, 197], [76, 163, 217, 217], [87, 163, 217, 217], [76, 173, 217, 217], [87, 173, 217, 217], [72, 155, 238, 238], [83, 155, 238, 238], [72, 167, 238, 238], [52, 144, 262, 262], [66, 144, 262, 262], [79, 144, 262, 262], [52, 157, 262, 262], [66, 157, 262, 262], [58, 130, 288, 288], [43, 144, 288, 288], [58, 144, 288, 288]]}, {"min_neighbors": 1, "scale": 1.1, "faces": [[364, 396, 42, 42], [619, 420, 62, 62], [23, 368, 80, 80], [404, 300, 113, 113], [75, 160, 236, 236]]}, {"min_neighbors": 2, "scale": 1.1, "faces": [[364, 396, 42, 42], [619, 420, 62, 62], [23, 368, 80, 80], [404, 300, 113, 113], [75, 160, 236, 236]]}, {"min_neighbors": 3, "scale": 1.1, "faces": [[364, 396, 42, 42], [619, 420, 62, 62], [23, 368, 80, 80], [404, 300, 113, 113], [75, 160, 236, 236]]}, {"min_neighbors": 4, "scale": 1.1, "faces": [[364, 396, 42, 42], [619, 420, 62, 62], [23, 368, 80, 80], [404, 300, 113, 113], [75, 160, 236, 236]]}, {"min_neighbors": 5, "scale": 1.1, "faces": [[364, 396, 42, 42], [619, 420, 62, 62], [23, 368, 80, 80], [404, 300, 113, 113], [75, 160, 236, 236]]}, {"min_neighbors": 6, "scale": 1.1, "faces": [[364, 396, 42, 42], [619, 420, 62, 62], [23, 368, 80, 80], [404, 300, 113, 113], [75, 160, 236, 236]]}], "voyager2.gif": [{"min_neighbors": 0, "scale": 1.1, "faces": [[231, 193, 29, 29], [433, 187, 39, 39], [264, 212, 43, 43], [266, 212, 43, 43], [268, 212, 43, 43], [266, 214, 43, 43], [347, 43, 43, 43], [349, 43, 43, 43], [529, 94, 43, 43], [264, 671, 43, 43], [167, 152, 43, 43], [156, 272, 43, 43], [227, 186, 43, 43], [431, 186, 43, 43], [344, 42, 47, 47], [347, 42, 47, 47], [153, 269, 47, 47], [528, 90, 47, 47], [526, 92, 47, 47], [316, 356, 47, 47], [424, 184, 47, 47], [427, 184, 47, 47], [337, 307, 47, 47], [340, 307, 47, 47], [259, 210, 47, 47], [262, 210, 47, 47], [264, 210, 47, 47], [262, 212, 47, 47], [259, 667, 47, 47], [257, 207, 52, 52], [259, 207, 52, 52], [262, 207, 52, 52], [257, 210, 52, 52], [259, 210, 52, 52], [262, 210, 52, 52], [342, 36, 52, 52], [340, 39, 52, 52], [342, 39, 52, 52], [345, 39, 52, 52], [340, 41, 52, 52], [342, 41, 52, 52], [148, 267, 52, 52], [150, 267, 52, 52], [153, 267, 52, 52], [150, 270, 52, 52], [153, 270, 52, 52], [519, 91, 52, 52], [521, 91, 52, 52], [524, 91, 52, 52], [527, 91, 52, 52], [514, 290, 52, 52], [516, 290, 52, 52], [335, 303, 52, 52], [337, 303, 52, 52], [514, 293, 52, 52], [335, 306, 52, 52], [514, 296, 52, 52], [52, 132, 52, 52], [423, 182, 52, 52], [425, 182, 52, 52], [49, 135, 52, 52], [52, 135, 52, 52], [423, 184, 52, 52], [425, 184, 52, 52], [451, 184, 52, 52], [425, 179, 52, 52], [340, 34, 57, 57], [334, 37, 57, 57], [337, 37, 57, 57], [340, 37, 57, 57], [342, 37, 57, 57], [337, 40, 57, 57], [340, 40, 57, 57], [342, 40, 57, 57], [148, 265, 57, 57], [151, 265, 57, 57], [337, 43, 57, 57], [148, 268, 57, 57], [46, 131, 57, 57], [511, 288, 57, 57], [514, 288, 57, 57], [516, 288, 57, 57], [511, 291, 57, 57], [514, 291, 57, 57], [511, 294, 57, 57], [514, 297, 57, 57], [519, 86, 57, 57], [522, 86, 57, 57], [525, 86, 57, 57], [331, 300, 57, 57], [334, 300, 57, 57], [331, 308, 57, 57], [334, 308, 57, 57], [516, 88, 57, 57], [519, 88, 57, 57], [522, 88, 57, 57], [328, 302, 57, 57], [331, 302, 57, 57], [334, 302, 57, 57], [337, 302, 57, 57], [519, 91, 57, 57], [522, 91, 57, 57], [334, 305, 57, 57], [519, 94, 57, 57], [49, 131, 57, 57], [51, 131, 57, 57], [254, 205, 57, 57], [257, 205, 57, 57], [46, 134, 57, 57], [49, 134, 57, 57], [51, 134, 57, 57], [254, 208, 57, 57], [257, 208, 57, 57], [260, 208, 57, 57], [254, 211, 57, 57], [257, 211, 57, 57], [160, 146, 57, 57], [419, 177, 57, 57], [425, 177, 57, 57], [419, 180, 57, 57], [422, 180, 57, 57], [419, 183, 57, 57], [422, 183, 57, 57], [425, 183, 57, 57], [505, 286, 63, 63], [508, 286, 63, 63], [512, 286, 63, 63], [254, 201, 63, 63], [512, 289, 63, 63], [515, 289, 63, 63], [251, 204, 63, 63], [254, 204, 63, 63], [257, 204, 63, 63], [508, 292, 63, 63], [512, 292, 63, 63], [515, 292, 63, 63], [508, 295, 63, 63], [512, 295, 63, 63], [330, 298, 63, 63], [333, 298, 63, 63], [336, 298, 63, 63], [339, 31, 63, 63], [326, 301, 63, 63], [330, 301, 63, 63], [333, 35, 63, 63], [333, 301, 63, 63], [336, 35, 63, 63], [339, 35, 63, 63], [330, 304, 63, 63], [336, 38, 63, 63], [333, 304, 63, 63], [339, 38, 63, 63], [336, 41, 63, 63], [339, 41, 63, 63], [342, 41, 63, 63], [257, 659, 63, 63], [260, 659, 63, 63], [144, 260, 63, 63], [148, 260, 63, 63], [144, 264, 63, 63], [148, 264, 63, 63], [521, 82, 63, 63], [141, 267, 63, 63], [144, 267, 63, 63], [148, 267, 63, 63], [518, 85, 63, 63], [521, 85, 63, 63], [524, 85, 63, 63], [515, 88, 63, 63], [518, 88, 63, 63], [521, 88, 63, 63], [524, 88, 63, 63], [518, 91, 63, 63], [521, 91, 63, 63], [44, 132, 63, 63], [47, 132, 63, 63], [50, 132, 63, 63], [47, 135, 63, 63], [50, 135, 63, 63], [160, 141, 63, 63], [157, 144, 63, 63], [160, 144, 63, 63], [160, 148, 63, 63], [44, 129, 63, 63], [47, 129, 63, 63], [50, 129, 63, 63], [421, 176, 63, 63], [424, 176, 63, 63], [417, 179, 63, 63], [421, 179, 63, 63], [424, 179, 63, 63], [417, 182, 63, 63], [421, 182, 63, 63], [249, 200, 69, 69], [252, 200, 69, 69], [255, 200, 69, 69], [249, 204, 69, 69], [252, 204, 69, 69], [331, 28, 69, 69], [335, 28, 69, 69], [328, 31, 69, 69], [331, 31, 69, 69], [335, 31, 69, 69], [328, 35, 69, 69], [331, 35, 69, 69], [335, 35, 69, 69], [338, 35, 69, 69], [331, 38, 69, 69], [335, 38, 69, 69], [338, 38, 69, 69], [138, 259, 69, 69], [142, 259, 69, 69], [131, 262, 69, 69], [514, 79, 69, 69], [135, 262, 69, 69], [518, 79, 69, 69], [138, 262, 69, 69], [142, 262, 69, 69], [145, 262, 69, 69], [511, 83, 69, 69], [514, 83, 69, 69], [518, 83, 69, 69], [135, 266, 69, 69], [504, 290, 69, 69], [138, 266, 69, 69], [507, 290, 69, 69], [142, 266, 69, 69], [145, 266, 69, 69], [507, 86, 69, 69], [511, 86, 69, 69], [514, 86, 69, 69], [325, 293, 69, 69], [518, 86, 69, 69], [328, 293, 69, 69], [325, 297, 69, 69], [511, 90, 69, 69], [328, 297, 69, 69], [514, 90, 69, 69], [331, 297, 69, 69], [518, 90, 69, 69], [321, 300, 69, 69], [325, 300, 69, 69], [328, 300, 69, 69], [331, 300, 69, 69], [504, 280, 69, 69], [501, 283, 69, 69], [504, 283, 69, 69], [507, 283, 69, 69], [511, 283, 69, 69], [507, 287, 69, 69], [142, 110, 69, 69], [152, 145, 69, 69], [155, 145, 69, 69], [142, 114, 69, 69], [155, 148, 69, 69], [45, 124, 69, 69], [48, 124, 69, 69], [38, 128, 69, 69], [41, 128, 69, 69], [45, 128, 69, 69], [48, 128, 69, 69], [38, 131, 69, 69], [41, 131, 69, 69], [45, 131, 69, 69], [48, 131, 69, 69], [411, 173, 69, 69], [414, 173, 69, 69], [418, 173, 69, 69], [41, 135, 69, 69], [421, 173, 69, 69], [411, 176, 69, 69], [152, 138, 69, 69], [414, 176, 69, 69], [155, 138, 69, 69], [418, 176, 69, 69], [421, 176, 69, 69], [414, 180, 69, 69], [152, 142, 69, 69], [418, 180, 69, 69], [155, 142, 69, 69], [509, 80, 76, 76], [513, 80, 76, 76], [516, 80, 76, 76], [505, 84, 76, 76], [509, 84, 76, 76], [513, 84, 76, 76], [516, 84, 76, 76], [247, 197, 76, 76], [520, 84, 76, 76], [251, 197, 76, 76], [509, 87, 76, 76], [513, 87, 76, 76], [516, 87, 76, 76], [247, 201, 76, 76], [330, 27, 76, 76], [327, 30, 76, 76], [330, 30, 76, 76], [334, 30, 76, 76], [327, 34, 76, 76], [330, 34, 76, 76], [334, 34, 76, 76], [338, 34, 76, 76], [38, 122, 76, 76], [42, 122, 76, 76], [34, 125, 76, 76], [38, 125, 76, 76], [42, 125, 76, 76], [46, 125, 76, 76], [34, 129, 76, 76], [38, 129, 76, 76], [42, 129, 76, 76], [46, 129, 76, 76], [137, 254, 76, 76], [141, 254, 76, 76], [152, 133, 76, 76], [133, 258, 76, 76], [137, 258, 76, 76], [141, 258, 76, 76], [148, 137, 76, 76], [152, 137, 76, 76], [156, 137, 76, 76], [133, 262, 76, 76], [137, 262, 76, 76], [141, 262, 76, 76], [144, 262, 76, 76], [148, 141, 76, 76], [152, 141, 76, 76], [141, 266, 76, 76], [414, 167, 76, 76], [410, 171, 76, 76], [414, 171, 76, 76], [418, 171, 76, 76], [422, 171, 76, 76], [505, 277, 76, 76], [406, 175, 76, 76], [410, 175, 76, 76], [414, 175, 76, 76], [497, 281, 76, 76], [501, 281, 76, 76], [414, 178, 76, 76], [505, 281, 76, 76], [509, 281, 76, 76], [513, 281, 76, 76], [501, 285, 76, 76], [505, 285, 76, 76], [509, 285, 76, 76], [505, 289, 76, 76], [509, 289, 76, 76], [319, 292, 76, 76], [323, 292, 76, 76], [327, 292, 76, 76], [330, 292, 76, 76], [319, 296, 76, 76], [323, 296, 76, 76], [327, 296, 76, 76], [330, 296, 76, 76], [323, 300, 76, 76], [327, 300, 76, 76], [330, 300, 76, 76], [405, 167, 84, 84], [409, 167, 84, 84], [414, 167, 84, 84], [501, 272, 84, 84], [405, 171, 84, 84], [409, 171, 84, 84], [497, 276, 84, 84], [414, 171, 84, 84], [501, 276, 84, 84], [505, 276, 84, 84], [497, 280, 84, 84], [501, 280, 84, 84], [505, 280, 84, 84], [326, 25, 84, 84], [497, 284, 84, 84], [501, 284, 84, 84], [326, 29, 84, 84], [505, 284, 84, 84], [330, 29, 84, 84], [317, 288, 84, 84], [322, 288, 84, 84], [242, 196, 84, 84], [326, 288, 84, 84], [326, 33, 84, 84], [501, 288, 84, 84], [313, 292, 84, 84], [317, 292, 84, 84], [322, 292, 84, 84], [326, 292, 84, 84], [330, 292, 84, 84], [313, 297, 84, 84], [317, 297, 84, 84], [322, 297, 84, 84], [505, 75, 84, 84], [510, 75, 84, 84], [514, 75, 84, 84], [505, 79, 84, 84], [510, 79, 84, 84], [514, 79, 84, 84], [505, 84, 84, 84], [134, 251, 84, 84], [129, 255, 84, 84], [134, 255, 84, 84], [38, 117, 84, 84], [138, 255, 84, 84], [33, 121, 84, 84], [38, 121, 84, 84], [146, 134, 84, 84], [42, 121, 84, 84], [150, 134, 84, 84], [125, 259, 84, 84], [129, 259, 84, 84], [134, 259, 84, 84], [138, 259, 84, 84], [146, 138, 84, 84], [29, 125, 84, 84], [150, 138, 84, 84], [33, 125, 84, 84], [38, 125, 84, 84], [42, 125, 84, 84], [134, 263, 84, 84], [38, 129, 84, 84], [146, 129, 84, 84], [150, 129, 84, 84], [405, 163, 84, 84], [409, 163, 84, 84], [129, 248, 92, 92], [409, 165, 92, 92], [133, 248, 92, 92], [414, 165, 92, 92], [138, 248, 92, 92], [308, 289, 92, 92], [312, 289, 92, 92], [317, 289, 92, 92], [322, 289, 92, 92], [124, 253, 92, 92], [129, 253, 92, 92], [133, 253, 92, 92], [138, 253, 92, 92], [326, 18, 92, 92], [312, 294, 92, 92], [317, 294, 92, 92], [129, 257, 92, 92], [133, 257, 92, 92], [322, 23, 92, 92], [326, 23, 92, 92], [501, 267, 92, 92], [496, 271, 92, 92], [501, 271, 92, 92], [505, 271, 92, 92], [496, 276, 92, 92], [501, 276, 92, 92], [505, 276, 92, 92], [133, 244, 92, 92], [317, 280, 92, 92], [496, 280, 92, 92], [501, 280, 92, 92], [312, 285, 92, 92], [317, 285, 92, 92], [322, 285, 92, 92], [505, 69, 92, 92], [510, 69, 92, 92], [32, 115, 92, 92], [37, 115, 92, 92], [505, 74, 92, 92], [510, 74, 92, 92], [28, 119, 92, 92], [32, 119, 92, 92], [37, 124, 92, 92], [37, 119, 92, 92], [505, 78, 92, 92], [142, 124, 92, 92], [147, 124, 92, 92], [142, 129, 92, 92], [147, 129, 92, 92], [142, 133, 92, 92], [147, 133, 92, 92], [152, 133, 92, 92], [404, 161, 92, 92], [409, 161, 92, 92], [399, 157, 101, 101], [394, 162, 101, 101], [500, 71, 101, 101], [25, 111, 101, 101], [30, 111, 101, 101], [490, 263, 101, 101], [25, 116, 101, 101], [30, 116, 101, 101], [490, 268, 101, 101], [495, 268, 101, 101], [500, 268, 101, 101], [136, 121, 101, 101], [147, 121, 101, 101], [485, 273, 101, 101], [490, 273, 101, 101], [495, 273, 101, 101], [500, 273, 101, 101], [142, 126, 101, 101], [126, 238, 101, 101], [308, 283, 101, 101], [313, 283, 101, 101], [318, 283, 101, 101], [121, 243, 101, 101], [126, 243, 101, 101], [131, 243, 101, 101], [298, 288, 101, 101], [303, 288, 101, 101], [308, 288, 101, 101], [313, 288, 101, 101], [116, 248, 101, 101], [121, 248, 101, 101], [126, 248, 101, 101], [131, 248, 101, 101], [22, 111, 111, 111], [122, 239, 111, 111], [484, 267, 111, 111], [489, 267, 111, 111], [495, 267, 111, 111], [489, 272, 111, 111], [495, 272, 111, 111], [300, 278, 111, 111], [300, 284, 111, 111], [306, 284, 111, 111], [483, 263, 122, 122], [306, 275, 122, 122]]}, {"min_neighbors": 1, "scale": 1.1, "faces": [[416, 175, 70, 70], [256, 206, 58, 58], [336, 35, 66, 66], [151, 136, 78, 78], [138, 258, 77, 77], [516, 84, 69, 69], [323, 295, 77, 77], [41, 126, 75, 75], [503, 281, 79, 79], [258, 659, 63, 63], [142, 112, 69, 69]]}, {"min_neighbors": 2, "scale": 1.1, "faces": [[416, 175, 70, 70], [256, 206, 58, 58], [336, 35, 66, 66], [138, 258, 77, 77], [516, 84, 69, 69], [151, 136, 78, 78], [323, 295, 77, 77], [503, 281, 79, 79], [41, 126, 75, 75]]}, {"min_neighbors": 3, "scale": 1.1, "faces": [[416, 175, 70, 70], [256, 206, 58, 58], [336, 35, 66, 66], [138, 258, 77, 77], [516, 84, 69, 69], [151, 136, 78, 78], [323, 295, 77, 77], [41, 126, 75, 75], [503, 281, 79, 79]]}, {"min_neighbors": 4, "scale": 1.1, "faces": [[416, 175, 70, 70], [256, 206, 58, 58], [336, 35, 66, 66], [138, 258, 77, 77], [516, 84, 69, 69], [151, 136, 78, 78], [323, 295, 77, 77], [41, 126, 75, 75], [503, 281, 79, 79]]}, {"min_neighbors": 5, "scale": 1.1, "faces": [[416, 175, 70, 70], [256, 206, 58, 58], [336, 35, 66, 66], [151, 136, 78, 78], [516, 84, 69, 69], [138, 258, 77, 77], [323, 295, 77, 77], [41, 126, 75, 75], [503, 281, 79, 79]]}, {"min_neighbors": 6, "scale": 1.1, "faces": [[416, 175, 70, 70], [256, 206, 58, 58], [336, 35, 66, 66], [138, 258, 77, 77], [516, 84, 69, 69], [151, 136, 78, 78], [323, 295, 77, 77], [41, 126, 75, 75], [503, 281, 79, 79]]}], "plays.gif": [{"min_neighbors": 0, "scale": 1.1, "faces": [[306, 308, 20, 20], [354, 271, 22, 22], [31, 616, 22, 22], [469, 36, 24, 24], [402, 106, 24, 24], [116, 433, 24, 24], [469, 35, 27, 27], [402, 106, 27, 27], [498, 178, 27, 27], [366, 3, 29, 29], [328, 85, 29, 29], [331, 85, 29, 29], [398, 105, 29, 29], [401, 105, 29, 29], [399, 103, 32, 32], [329, 84, 32, 32], [322, 81, 35, 35], [326, 81, 35, 35], [397, 103, 35, 35], [323, 82, 39, 39], [394, 101, 39, 39], [398, 101, 39, 39], [319, 77, 43, 43], [322, 77, 43, 43], [319, 79, 43, 43], [322, 79, 43, 43], [324, 79, 43, 43], [392, 99, 43, 43], [17, 129, 43, 43], [321, 75, 47, 47], [318, 78, 47, 47], [321, 78, 47, 47], [323, 78, 47, 47], [316, 73, 52, 52], [319, 73, 52, 52], [316, 75, 52, 52], [319, 75, 52, 52], [49, 639, 57, 57], [25, 546, 101, 101], [20, 551, 101, 101], [25, 551, 101, 101], [25, 556, 101, 101], [17, 545, 111, 111], [17, 550, 111, 111], [22, 550, 111, 111], [6, 538, 122, 122], [18, 538, 122, 122], [6, 544, 122, 122], [12, 544, 122, 122], [18, 544, 122, 122], [7, 531, 135, 135], [0, 538, 135, 135], [7, 538, 135, 135], [13, 538, 135, 135], [0, 545, 135, 135], [7, 545, 135, 135], [13, 545, 135, 135], [0, 533, 148, 148], [7, 533, 148, 148], [0, 521, 163, 163], [0, 529, 163, 163]]}, {"min_neighbors": 1, "scale": 1.1, "faces": [[398, 103, 33, 33], [469, 36, 26, 26], [322, 79, 43, 43], [12, 541, 127, 127]]}, {"min_neighbors": 2, "scale": 1.1, "faces": [[398, 103, 33, 33], [322, 79, 43, 43], [12, 541, 127, 127]]}, {"min_neighbors": 3, "scale": 1.1, "faces": [[398, 103, 33, 33], [322, 79, 43, 43], [12, 541, 127, 127]]}, {"min_neighbors": 4, "scale": 1.1, "faces": [[398, 103, 33, 33], [322, 79, 43, 43], [12, 541, 127, 127]]}, {"min_neighbors": 5, "scale": 1.1, "faces": [[398, 103, 33, 33], [322, 79, 43, 43], [12, 541, 127, 127]]}, {"min_neighbors": 6, "scale": 1.1, "faces": [[398, 103, 33, 33], [322, 79, 43, 43], [12, 541, 127, 127]]}], "cluttered-tahoe.gif": [{"min_neighbors": 0, "scale": 1.1, "faces": [[264, 438, 20, 20], [42, 248, 20, 20]]}, {"min_neighbors": 1, "scale": 1.1, "faces": []}, {"min_neighbors": 2, "scale": 1.1, "faces": []}, {"min_neighbors": 3, "scale": 1.1, "faces": []}, {"min_neighbors": 4, "scale": 1.1, "faces": []}, {"min_neighbors": 5, "scale": 1.1, "faces": []}, {"min_neighbors": 6, "scale": 1.1, "faces": []}], "me.gif": [{"min_neighbors": 0, "scale": 1.1, "faces": [[5, 36, 24, 24], [138, 29, 29, 29], [132, 29, 32, 32], [135, 29, 32, 32], [139, 29, 32, 32], [135, 28, 35, 35], [133, 23, 39, 39], [133, 27, 39, 39], [129, 24, 43, 43], [131, 24, 43, 43], [133, 24, 43, 43], [129, 26, 43, 43], [131, 26, 43, 43], [133, 26, 43, 43], [131, 28, 43, 43], [133, 28, 43, 43], [127, 21, 47, 47], [130, 21, 47, 47], [132, 21, 47, 47], [125, 24, 47, 47], [127, 24, 47, 47], [130, 24, 47, 47], [132, 24, 47, 47], [127, 26, 47, 47], [130, 26, 47, 47], [124, 21, 52, 52], [127, 21, 52, 52], [124, 23, 52, 52], [127, 23, 52, 52], [123, 20, 57, 57], [126, 20, 57, 57]]}, {"min_neighbors": 1, "scale": 1.1, "faces": [[130, 25, 44, 44]]}, {"min_neighbors": 2, "scale": 1.1, "faces": [[130, 25, 44, 44]]}, {"min_neighbors": 3, "scale": 1.1, "faces": [[130, 25, 44, 44]]}, {"min_neighbors": 4, "scale": 1.1, "faces": [[130, 25, 44, 44]]}, {"min_neighbors": 5, "scale": 1.1, "faces": [[130, 25, 44, 44]]}, {"min_neighbors": 6, "scale": 1.1, "faces": [[130, 25, 44, 44]]}], "nens.gif": [{"min_neighbors": 0, "scale": 1.1, "faces": [[169, 99, 22, 22], [34, 160, 24, 24], [90, 162, 24, 24], [46, 34, 24, 24], [48, 34, 24, 24], [90, 165, 24, 24], [143, 167, 24, 24], [201, 22, 24, 24], [94, 24, 24, 24], [167, 97, 24, 24], [61, 102, 24, 24], [63, 102, 24, 24], [114, 104, 27, 27], [146, 8, 27, 27], [117, 104, 27, 27], [146, 11, 27, 27], [197, 19, 27, 27], [200, 19, 27, 27], [11, 83, 27, 27], [91, 24, 27, 27], [93, 24, 27, 27], [13, 83, 27, 27], [45, 32, 27, 27], [32, 157, 27, 27], [35, 157, 27, 27], [165, 93, 27, 27], [165, 96, 27, 27], [168, 96, 27, 27], [88, 162, 27, 27], [59, 98, 27, 27], [91, 162, 27, 27], [59, 101, 27, 27], [138, 165, 27, 27], [61, 101, 27, 27], [141, 165, 27, 27], [146, 9, 29, 29], [32, 155, 29, 29], [35, 155, 29, 29], [12, 82, 29, 29], [196, 18, 29, 29], [199, 18, 29, 29], [32, 158, 29, 29], [91, 23, 29, 29], [44, 29, 29, 29], [184, 158, 29, 29], [187, 158, 29, 29], [44, 32, 29, 29], [85, 161, 29, 29], [88, 161, 29, 29], [164, 94, 29, 29], [167, 94, 29, 29], [138, 164, 29, 29], [141, 164, 29, 29], [59, 100, 29, 29], [61, 100, 29, 29], [114, 102, 29, 29], [117, 102, 29, 29], [145, 6, 32, 32], [145, 10, 32, 32], [164, 93, 32, 32], [58, 97, 32, 32], [196, 16, 32, 32], [90, 19, 32, 32], [90, 23, 32, 32], [58, 100, 32, 32], [42, 29, 32, 32], [10, 81, 32, 32], [113, 100, 32, 32], [13, 81, 32, 32], [116, 100, 32, 32], [29, 155, 32, 32], [42, 32, 32, 32], [32, 155, 32, 32], [184, 155, 32, 32], [84, 158, 32, 32], [87, 158, 32, 32], [184, 158, 32, 32], [84, 161, 32, 32], [87, 161, 32, 32], [135, 164, 32, 32], [139, 164, 32, 32], [142, 4, 35, 35], [145, 7, 35, 35], [195, 14, 35, 35], [11, 78, 35, 35], [89, 21, 35, 35], [28, 156, 35, 35], [39, 28, 35, 35], [32, 156, 35, 35], [43, 28, 35, 35], [184, 156, 35, 35], [163, 92, 35, 35], [85, 159, 35, 35], [135, 163, 35, 35], [57, 96, 35, 35], [138, 163, 35, 35], [57, 99, 35, 35], [110, 99, 35, 35], [113, 99, 35, 35], [8, 74, 39, 39], [140, 4, 39, 39], [8, 78, 39, 39], [27, 152, 39, 39], [31, 152, 39, 39], [183, 152, 39, 39], [82, 156, 39, 39], [160, 90, 39, 39], [86, 16, 39, 39], [191, 16, 39, 39], [55, 94, 39, 39], [133, 160, 39, 39], [136, 160, 39, 39], [86, 19, 39, 39], [109, 97, 39, 39], [39, 27, 39, 39], [24, 150, 43, 43], [26, 150, 43, 43], [28, 150, 43, 43], [39, 24, 43, 43], [139, 2, 43, 43], [139, 4, 43, 43], [34, 26, 43, 43], [4, 73, 43, 43], [36, 26, 43, 43], [6, 73, 43, 43], [4, 75, 43, 43], [6, 75, 43, 43], [189, 13, 43, 43], [4, 77, 43, 43], [6, 77, 43, 43], [86, 17, 43, 43], [26, 152, 43, 43], [180, 152, 43, 43], [159, 88, 43, 43], [79, 154, 43, 43], [81, 154, 43, 43], [79, 156, 43, 43], [81, 156, 43, 43], [131, 159, 43, 43], [133, 159, 43, 43], [51, 94, 43, 43], [54, 94, 43, 43], [26, 148, 43, 43], [107, 94, 43, 43], [105, 96, 43, 43], [107, 96, 43, 43], [139, 2, 47, 47], [24, 149, 47, 47], [26, 149, 47, 47], [26, 151, 47, 47], [80, 156, 47, 47], [2, 75, 47, 47], [132, 158, 47, 47], [23, 148, 52, 52]]}, {"min_neighbors": 1, "scale": 1.1, "faces": [[165, 94, 30, 30], [29, 153, 37, 37], [85, 159, 34, 34], [137, 162, 34, 34], [42, 29, 33, 33], [196, 17, 32, 32], [90, 21, 33, 33], [58, 98, 32, 32], [112, 99, 34, 34], [143, 6, 35, 35], [8, 78, 38, 38], [184, 156, 34, 34]]}, {"min_neighbors": 2, "scale": 1.1, "faces": [[165, 94, 30, 30], [29, 153, 37, 37], [85, 159, 34, 34], [42, 29, 33, 33], [196, 17, 32, 32], [90, 21, 33, 33], [137, 162, 34, 34], [58, 98, 32, 32], [112, 99, 34, 34], [143, 6, 35, 35], [8, 78, 38, 38], [184, 156, 34, 34]]}, {"min_neighbors": 3, "scale": 1.1, "faces": [[165, 94, 30, 30], [29, 153, 37, 37], [85, 159, 34, 34], [42, 29, 33, 33], [196, 17, 32, 32], [90, 21, 33, 33], [137, 162, 34, 34], [58, 98, 32, 32], [112, 99, 34, 34], [143, 6, 35, 35], [8, 78, 38, 38], [184, 156, 34, 34]]}, {"min_neighbors": 4, "scale": 1.1, "faces": [[165, 94, 30, 30], [29, 153, 37, 37], [85, 159, 34, 34], [42, 29, 33, 33], [196, 17, 32, 32], [90, 21, 33, 33], [137, 162, 34, 34], [58, 98, 32, 32], [112, 99, 34, 34], [143, 6, 35, 35], [8, 78, 38, 38], [184, 156, 34, 34]]}, {"min_neighbors": 5, "scale": 1.1, "faces": [[165, 94, 30, 30], [29, 153, 37, 37], [85, 159, 34, 34], [42, 29, 33, 33], [196, 17, 32, 32], [90, 21, 33, 33], [137, 162, 34, 34], [58, 98, 32, 32], [112, 99, 34, 34], [143, 6, 35, 35], [8, 78, 38, 38], [184, 156, 34, 34]]}, {"min_neighbors": 6, "scale": 1.1, "faces": [[165, 94, 30, 30], [29, 153, 37, 37], [85, 159, 34, 34], [42, 29, 33, 33], [196, 17, 32, 32], [90, 21, 33, 33], [137, 162, 34, 34], [58, 98, 32, 32], [112, 99, 34, 34], [143, 6, 35, 35], [8, 78, 38, 38], [184, 156, 34, 34]]}], "book.gif": [{"min_neighbors": 0, "scale": 1.1, "faces": [[164, 366, 29, 29], [88, 375, 29, 29], [87, 374, 32, 32], [81, 372, 35, 35], [163, 365, 35, 35], [164, 362, 39, 39], [82, 370, 39, 39], [156, 360, 43, 43], [159, 360, 43, 43], [161, 360, 43, 43], [81, 369, 43, 43], [161, 362, 43, 43], [158, 358, 47, 47], [140, 585, 57, 57]]}, {"min_neighbors": 1, "scale": 1.1, "faces": [[161, 362, 40, 40], [84, 372, 36, 36]]}, {"min_neighbors": 2, "scale": 1.1, "faces": [[161, 362, 40, 40], [84, 372, 36, 36]]}, {"min_neighbors": 3, "scale": 1.1, "faces": [[161, 362, 40, 40], [84, 372, 36, 36]]}, {"min_neighbors": 4, "scale": 1.1, "faces": [[161, 362, 40, 40], [84, 372, 36, 36]]}, {"min_neighbors": 5, "scale": 1.1, "faces": [[161, 362, 40, 40]]}, {"min_neighbors": 6, "scale": 1.1, "faces": [[161, 362, 40, 40]]}], "pace-university-double.gif": [{"min_neighbors": 0, "scale": 1.1, "faces": [[350, 246, 20, 20], [126, 128, 20, 20], [0, 338, 20, 20], [2, 338, 20, 20], [526, 198, 20, 20], [366, 268, 20, 20], [150, 392, 20, 20], [196, 398, 20, 20], [34, 284, 20, 20], [242, 142, 20, 20], [468, 56, 20, 20], [143, 392, 22, 22], [801, 394, 22, 22], [403, 156, 22, 22], [11, 240, 22, 22], [110, 251, 22, 22], [158, 262, 22, 22], [319, 128, 24, 24], [252, 390, 24, 24], [201, 247, 24, 24], [128, 306, 27, 27], [126, 305, 29, 29], [776, 103, 43, 43], [776, 105, 43, 43], [358, 81, 43, 43], [454, 92, 43, 43], [454, 94, 43, 43], [208, 300, 43, 43], [453, 92, 47, 47], [354, 80, 47, 47], [356, 80, 47, 47], [354, 85, 47, 47], [354, 83, 47, 47], [7, 90, 47, 47], [453, 90, 47, 47], [455, 90, 47, 47], [776, 104, 47, 47], [233, 114, 52, 52], [350, 78, 52, 52], [353, 78, 52, 52], [498, 371, 52, 52], [350, 80, 52, 52], [353, 80, 52, 52], [565, 93, 52, 52], [685, 86, 52, 52], [5, 88, 52, 52], [449, 88, 52, 52], [451, 88, 52, 52], [454, 88, 52, 52], [773, 99, 52, 52], [773, 101, 52, 52], [449, 91, 52, 52], [451, 91, 52, 52], [454, 91, 52, 52], [773, 104, 52, 52], [559, 91, 57, 57], [562, 91, 57, 57], [562, 94, 57, 57], [770, 97, 57, 57], [770, 100, 57, 57], [143, 71, 57, 57], [148, 74, 57, 57], [348, 80, 57, 57], [345, 74, 57, 57], [348, 74, 57, 57], [351, 74, 57, 57], [0, 83, 57, 57], [3, 83, 57, 57], [348, 77, 57, 57], [351, 77, 57, 57], [679, 83, 57, 57], [682, 83, 57, 57], [0, 86, 57, 57], [3, 86, 57, 57], [445, 86, 57, 57], [448, 86, 57, 57], [451, 86, 57, 57], [679, 86, 57, 57], [682, 86, 57, 57], [445, 88, 57, 57], [448, 88, 57, 57], [559, 88, 57, 57], [562, 88, 57, 57], [144, 72, 63, 63], [345, 72, 63, 63], [345, 75, 63, 63], [678, 82, 63, 63], [681, 82, 63, 63], [446, 85, 63, 63], [449, 85, 63, 63], [766, 97, 63, 63], [559, 88, 63, 63], [562, 88, 63, 63], [556, 86, 69, 69], [559, 86, 69, 69], [673, 79, 69, 69], [677, 79, 69, 69], [442, 83, 69, 69], [677, 83, 69, 69], [672, 76, 76, 76], [676, 76, 76, 76], [672, 80, 76, 76], [554, 84, 76, 76], [551, 79, 84, 84], [666, 69, 92, 92]]}, {"min_neighbors": 1, "scale": 1.1, "faces": [[1, 338, 20, 20], [127, 306, 28, 28], [773, 101, 52, 52], [351, 78, 53, 53], [450, 89, 54, 54], [3, 86, 54, 54], [677, 81, 67, 67], [559, 88, 63, 63], [145, 72, 59, 59]]}, {"min_neighbors": 2, "scale": 1.1, "faces": [[773, 101, 52, 52], [351, 78, 53, 53], [450, 89, 54, 54], [3, 86, 54, 54], [677, 81, 67, 67], [559, 88, 63, 63], [145, 72, 59, 59]]}, {"min_neighbors": 3, "scale": 1.1, "faces": [[773, 101, 52, 52], [351, 78, 53, 53], [450, 89, 54, 54], [3, 86, 54, 54], [559, 88, 63, 63], [677, 81, 67, 67]]}, {"min_neighbors": 4, "scale": 1.1, "faces": [[773, 101, 52, 52], [351, 78, 53, 53], [450, 89, 54, 54], [3, 86, 54, 54], [677, 81, 67, 67], [559, 88, 63, 63]]}, {"min_neighbors": 5, "scale": 1.1, "faces": [[773, 101, 52, 52], [351, 78, 53, 53], [450, 89, 54, 54], [3, 86, 54, 54], [677, 81, 67, 67], [559, 88, 63, 63]]}, {"min_neighbors": 6, "scale": 1.1, "faces": [[773, 101, 52, 52], [351, 78, 53, 53], [450, 89, 54, 54], [559, 88, 63, 63], [677, 81, 67, 67]]}], "cpd.gif": [{"min_neighbors": 0, "scale": 1.1, "faces": [[292, 92, 84, 84], [297, 92, 84, 84], [301, 92, 84, 84], [299, 87, 92, 92], [161, 111, 111, 111], [141, 94, 135, 135], [148, 94, 135, 135], [141, 101, 135, 135], [148, 101, 135, 135], [135, 108, 135, 135], [141, 108, 135, 135], [148, 108, 135, 135], [133, 89, 148, 148], [141, 89, 148, 148], [126, 96, 148, 148], [133, 96, 148, 148], [141, 96, 148, 148], [148, 96, 148, 148], [141, 104, 148, 148], [122, 81, 163, 163], [130, 81, 163, 163], [138, 81, 163, 163], [114, 90, 163, 163], [122, 90, 163, 163], [130, 90, 163, 163], [138, 90, 163, 163], [130, 98, 163, 163], [125, 72, 179, 179], [116, 81, 179, 179], [125, 81, 179, 179], [125, 90, 179, 179], [118, 59, 197, 197], [118, 69, 197, 197], [128, 69, 197, 197], [98, 65, 217, 217], [119, 65, 217, 217]]}, {"min_neighbors": 1, "scale": 1.1, "faces": [[297, 91, 86, 86], [132, 89, 161, 161]]}, {"min_neighbors": 2, "scale": 1.1, "faces": [[297, 91, 86, 86], [132, 89, 161, 161]]}, {"min_neighbors": 3, "scale": 1.1, "faces": [[297, 91, 86, 86], [132, 89, 161, 161]]}, {"min_neighbors": 4, "scale": 1.1, "faces": [[132, 89, 161, 161]]}, {"min_neighbors": 5, "scale": 1.1, "faces": [[132, 89, 161, 161]]}, {"min_neighbors": 6, "scale": 1.1, "faces": [[132, 89, 161, 161]]}], "next.gif": [{"min_neighbors": 0, "scale": 1.1, "faces": [[214, 46, 20, 20], [273, 143, 22, 22], [139, 24, 22, 22], [213, 46, 22, 22], [90, 156, 22, 22], [271, 140, 24, 24], [271, 143, 24, 24], [138, 24, 24, 24], [211, 46, 24, 24], [69, 11, 27, 27], [210, 43, 27, 27], [136, 24, 27, 27], [210, 45, 27, 27], [88, 154, 27, 27], [272, 138, 27, 27], [272, 141, 27, 27], [135, 20, 29, 29], [135, 23, 29, 29], [179, 132, 29, 29], [269, 138, 29, 29], [269, 141, 29, 29], [208, 44, 29, 29], [85, 152, 29, 29], [88, 152, 29, 29], [177, 129, 32, 32], [64, 6, 32, 32], [68, 6, 32, 32], [267, 139, 32, 32], [271, 139, 32, 32], [209, 42, 32, 32], [132, 19, 32, 32], [132, 23, 32, 32], [135, 23, 32, 32], [84, 148, 32, 32], [84, 151, 32, 32], [87, 151, 32, 32], [64, 4, 35, 35], [64, 7, 35, 35], [81, 149, 35, 35], [85, 149, 35, 35], [131, 18, 35, 35], [131, 21, 35, 35], [177, 128, 35, 35], [266, 135, 35, 35], [62, 4, 39, 39], [129, 16, 39, 39], [171, 125, 39, 39], [133, 16, 39, 39], [175, 125, 39, 39], [265, 133, 39, 39], [82, 148, 39, 39], [79, 144, 43, 43], [60, 2, 43, 43], [62, 2, 43, 43], [77, 146, 43, 43], [79, 146, 43, 43], [81, 146, 43, 43], [60, 4, 43, 43], [79, 148, 43, 43], [171, 122, 43, 43], [171, 124, 43, 43], [174, 124, 43, 43], [126, 15, 43, 43], [129, 17, 43, 43], [262, 133, 43, 43], [264, 133, 43, 43], [126, 19, 43, 43], [266, 133, 43, 43], [170, 123, 47, 47], [259, 130, 47, 47], [262, 130, 47, 47], [262, 132, 47, 47], [75, 144, 47, 47]]}, {"min_neighbors": 1, "scale": 1.1, "faces": [[211, 45, 26, 26], [267, 137, 35, 35], [132, 20, 34, 34], [83, 149, 36, 36], [64, 5, 37, 37], [174, 126, 39, 39]]}, {"min_neighbors": 2, "scale": 1.1, "faces": [[211, 45, 26, 26], [267, 137, 35, 35], [83, 149, 36, 36], [132, 20, 34, 34], [64, 5, 37, 37], [174, 126, 39, 39]]}, {"min_neighbors": 3, "scale": 1.1, "faces": [[211, 45, 26, 26], [267, 137, 35, 35], [132, 20, 34, 34], [83, 149, 36, 36], [64, 5, 37, 37], [174, 126, 39, 39]]}, {"min_neighbors": 4, "scale": 1.1, "faces": [[211, 45, 26, 26], [83, 149, 36, 36], [267, 137, 35, 35], [132, 20, 34, 34], [64, 5, 37, 37], [174, 126, 39, 39]]}, {"min_neighbors": 5, "scale": 1.1, "faces": [[211, 45, 26, 26], [267, 137, 35, 35], [132, 20, 34, 34], [83, 149, 36, 36], [64, 5, 37, 37], [174, 126, 39, 39]]}, {"min_neighbors": 6, "scale": 1.1, "faces": [[211, 45, 26, 26], [267, 137, 35, 35], [132, 20, 34, 34], [83, 149, 36, 36], [64, 5, 37, 37], [174, 126, 39, 39]]}], "tress-photo.gif": [{"min_neighbors": 0, "scale": 1.1, "faces": [[171, 139, 32, 32], [170, 138, 35, 35], [141, 133, 76, 76]]}, {"min_neighbors": 1, "scale": 1.1, "faces": [[170, 138, 34, 34]]}, {"min_neighbors": 2, "scale": 1.1, "faces": []}, {"min_neighbors": 3, "scale": 1.1, "faces": []}, {"min_neighbors": 4, "scale": 1.1, "faces": []}, {"min_neighbors": 5, "scale": 1.1, "faces": []}, {"min_neighbors": 6, "scale": 1.1, "faces": []}], "larroquette.gif": [{"min_neighbors": 0, "scale": 1.1, "faces": [[262, 90, 20, 20], [212, 96, 20, 20], [184, 132, 20, 20], [183, 132, 22, 22], [185, 132, 22, 22], [264, 145, 22, 22], [134, 152, 22, 22], [136, 152, 22, 22], [334, 152, 22, 22], [222, 95, 22, 22], [114, 103, 22, 22], [103, 222, 22, 22], [182, 131, 24, 24], [184, 131, 24, 24], [220, 94, 24, 24], [261, 143, 24, 24], [133, 150, 24, 24], [133, 152, 24, 24], [102, 220, 24, 24], [104, 220, 24, 24], [181, 130, 27, 27], [261, 144, 27, 27], [133, 149, 27, 27], [218, 93, 27, 27], [133, 152, 27, 27], [221, 93, 27, 27], [333, 152, 27, 27], [112, 101, 27, 27], [179, 129, 29, 29], [182, 129, 29, 29], [261, 141, 29, 29], [217, 91, 29, 29], [220, 91, 29, 29], [261, 143, 29, 29], [220, 94, 29, 29], [100, 220, 29, 29], [132, 149, 29, 29], [135, 149, 29, 29], [111, 100, 29, 29], [331, 149, 29, 29], [334, 149, 29, 29], [177, 126, 32, 32], [177, 129, 32, 32], [258, 139, 32, 32], [258, 142, 32, 32], [129, 148, 32, 32], [132, 148, 32, 32], [329, 148, 32, 32], [332, 148, 32, 32], [97, 216, 32, 32], [100, 216, 32, 32], [100, 219, 32, 32], [216, 90, 32, 32], [174, 124, 35, 35], [177, 124, 35, 35], [174, 128, 35, 35], [177, 128, 35, 35], [213, 89, 35, 35], [216, 89, 35, 35], [128, 145, 35, 35], [131, 145, 35, 35], [255, 138, 35, 35], [326, 145, 35, 35], [330, 145, 35, 35], [106, 96, 35, 35], [128, 149, 35, 35], [326, 149, 35, 35], [96, 213, 35, 35], [96, 216, 35, 35], [99, 216, 35, 35], [175, 125, 39, 39], [253, 136, 39, 39], [257, 136, 39, 39], [129, 144, 39, 39], [327, 144, 39, 39], [97, 214, 39, 39], [105, 94, 39, 39], [174, 122, 43, 43], [253, 133, 43, 43], [251, 135, 43, 43], [253, 135, 43, 43], [255, 135, 43, 43], [257, 135, 43, 43], [253, 137, 43, 43], [193, 24, 43, 43], [92, 210, 43, 43], [94, 210, 43, 43], [92, 212, 43, 43], [94, 212, 43, 43], [96, 212, 43, 43], [124, 144, 43, 43], [212, 86, 43, 43], [252, 132, 47, 47], [252, 134, 47, 47], [292, 25, 84, 84]]}, {"min_neighbors": 1, "scale": 1.1, "faces": [[179, 128, 30, 30], [256, 138, 37, 37], [131, 149, 30, 30], [330, 148, 32, 32], [218, 91, 30, 30], [110, 99, 30, 30], [98, 216, 35, 35]]}, {"min_neighbors": 2, "scale": 1.1, "faces": [[179, 128, 30, 30], [256, 138, 37, 37], [98, 216, 35, 35], [131, 149, 30, 30], [330, 148, 32, 32], [218, 91, 30, 30], [110, 99, 30, 30]]}, {"min_neighbors": 3, "scale": 1.1, "faces": [[179, 128, 30, 30], [256, 138, 37, 37], [98, 216, 35, 35], [131, 149, 30, 30], [330, 148, 32, 32], [218, 91, 30, 30], [110, 99, 30, 30]]}, {"min_neighbors": 4, "scale": 1.1, "faces": [[179, 128, 30, 30], [110, 99, 30, 30], [98, 216, 35, 35], [256, 138, 37, 37], [131, 149, 30, 30], [330, 148, 32, 32], [218, 91, 30, 30]]}, {"min_neighbors": 5, "scale": 1.1, "faces": [[179, 128, 30, 30], [256, 138, 37, 37], [131, 149, 30, 30], [330, 148, 32, 32], [218, 91, 30, 30], [98, 216, 35, 35]]}, {"min_neighbors": 6, "scale": 1.1, "faces": [[179, 128, 30, 30], [256, 138, 37, 37], [131, 149, 30, 30], [330, 148, 32, 32], [98, 216, 35, 35], [218, 91, 30, 30]]}], "karen-and-rob.gif": [{"min_neighbors": 0, "scale": 1.1, "faces": [[52, 210, 20, 20], [77, 139, 22, 22], [144, 273, 39, 39], [199, 39, 39, 39], [86, 199, 39, 39], [195, 34, 43, 43], [193, 36, 43, 43], [195, 36, 43, 43], [197, 36, 43, 43], [195, 39, 43, 43], [86, 197, 43, 43], [88, 197, 43, 43], [86, 199, 43, 43], [83, 193, 47, 47], [85, 193, 47, 47], [80, 196, 47, 47], [83, 196, 47, 47], [85, 196, 47, 47], [191, 33, 47, 47], [193, 33, 47, 47], [189, 35, 47, 47], [191, 35, 47, 47], [193, 35, 47, 47], [196, 35, 47, 47], [191, 38, 47, 47], [193, 38, 47, 47], [189, 31, 52, 52], [192, 31, 52, 52], [189, 34, 52, 52], [192, 34, 52, 52], [195, 34, 52, 52], [189, 36, 52, 52], [192, 36, 52, 52], [195, 36, 52, 52], [86, 80, 52, 52], [80, 192, 52, 52], [83, 192, 52, 52], [80, 195, 52, 52], [83, 195, 52, 52], [188, 29, 57, 57], [185, 31, 57, 57], [188, 31, 57, 57], [191, 31, 57, 57], [80, 188, 57, 57], [191, 34, 57, 57], [80, 191, 57, 57], [83, 191, 57, 57], [19, 251, 63, 63], [188, 25, 63, 63], [182, 28, 63, 63], [185, 28, 63, 63], [188, 28, 63, 63], [185, 31, 63, 63], [188, 31, 63, 63], [72, 188, 63, 63], [75, 188, 63, 63], [78, 188, 63, 63], [78, 191, 63, 63], [75, 185, 63, 63], [78, 185, 63, 63], [180, 24, 69, 69], [183, 24, 69, 69], [180, 28, 69, 69], [72, 183, 69, 69], [72, 186, 69, 69], [76, 186, 69, 69], [11, 243, 76, 76]]}, {"min_neighbors": 1, "scale": 1.1, "faces": [[190, 33, 53, 53], [80, 192, 55, 55], [15, 247, 70, 70]]}, {"min_neighbors": 2, "scale": 1.1, "faces": [[190, 33, 53, 53], [80, 192, 55, 55]]}, {"min_neighbors": 3, "scale": 1.1, "faces": [[190, 33, 53, 53], [80, 192, 55, 55]]}, {"min_neighbors": 4, "scale": 1.1, "faces": [[190, 33, 53, 53], [80, 192, 55, 55]]}, {"min_neighbors": 5, "scale": 1.1, "faces": [[190, 33, 53, 53], [80, 192, 55, 55]]}, {"min_neighbors": 6, "scale": 1.1, "faces": [[190, 33, 53, 53], [80, 192, 55, 55]]}], "clapton.gif": [{"min_neighbors": 0, "scale": 1.1, "faces": []}, {"min_neighbors": 1, "scale": 1.1, "faces": []}, {"min_neighbors": 2, "scale": 1.1, "faces": []}, {"min_neighbors": 3, "scale": 1.1, "faces": []}, {"min_neighbors": 4, "scale